1 5 30155
2 4 1
3 6 453417
4 4 1
5 6 444393
6 4 2
7 4 4
8 6 666806
9 4 7
10 5 457275
11 4 15
12 4 15
13 3 551745
14 5 190123
15 6 674773
16 4 20
17 3 766017
18 3 850257
19 3 658769
20 4 3
21 6 652095
22 3 311109
23 6 76205
24 6 449553
25 5 187415
26 6 896899
27 5 787509
28 6 172171
29 4 1
30 4 11
31 3 658769
32 4 8
33 6 358364
34 3 180795
35 6 383549
36 6 665177
37 5 554643
38 6 71099
39 6 151545
40 4 32
41 6 380337
42 3 783227
43 5 85901
44 6 667713
45 3 311109
46 5 85937
47 4 11
48 3 996284
49 6 895590
50 6 627766
51 5 369948
52 3 723073
53 6 357888
54 4 39
55 3 658769
56 3 180795
57 6 777559
58 4 41
59 6 792423
60 3 251521
61 6 564425
62 6 897148
63 5 983097
64 3 571257
65 6 668849
66 3 180795
67 3 450745
68 4 5
69 4 49
70 5 732941
71 4 22
72 6 435864
73 4 59
74 4 47
75 5 105509
76 6 52970
77 3 102962
78 6 784452
79 4 37
80 6 351960
81 3 60062
82 5 4826
83 5 153960
84 5 210217
85 5 297425
86 6 774119
87 5 775079
88 4 38
89 5 1001456
90 5 789403
91 3 432350
92 3 549706
93 3 370540
94 5 209663
95 3 273567
96 5 559286
97 5 790165
98 3 153609
99 6 263987
100 5 910787
101 4 49
102 6 278847
103 5 905457
104 6 198507
105 5 874619
106 3 784638
107 6 894679
108 3 25937
109 4 61
110 4 57
111 6 270217
112 5 620609
113 5 792852
114 5 361107
115 5 767993
116 3 209841
117 5 902597
118 5 212097
119 4 87
120 4 28
121 5 127365
122 3 172817
123 5 555406
124 6 287448
125 6 286941
126 6 704134
127 5 356905
128 5 638325
129 5 214470
130 6 227329
131 4 118
132 4 99
133 5 551589
134 4 35
135 5 668349
136 5 759587
137 5 204978
138 3 3711
139 3 432350
140 6 251367
141 4 24
142 6 17141
143 4 17
144 3 658769
145 4 61
146 6 504003
147 4 77
148 5 995329
149 3 325629
150 4 43
151 4 44
152 3 957648
153 5 555546
154 4 87
155 3 353209
156 4 67
157 6 824058
158 3 607521
159 5 22113
160 6 564263
161 3 524669
162 4 61
163 6 333597
164 3 974037
165 6 41051
166 3 180163
167 4 41
168 4 9
169 5 456669
170 5 755337
171 6 778553
172 5 289241
173 4 117
174 4 138
175 5 905713
176 6 681945
177 4 36
178 3 895309
179 6 969609
180 3 836817
181 6 376945
182 4 70
183 6 523309
184 5 380689
185 3 432350
186 5 238938
187 4 101
188 5 151825
189 4 105
190 6 786233
191 5 292327
192 3 986817
193 4 95
194 3 450745
195 5 571413
196 4 5
197 5 169455
198 5 228127
199 3 201105
200 5 808094
201 4 71
202 4 124
203 5 322297
204 5 459233
205 3 384630
206 6 330318
207 6 174930
208 6 965768
209 3 738191
210 5 463449
211 3 488169
212 6 740641
213 4 3
214 5 188803
215 6 334604
216 6 154505
217 5 920053
218 3 184977
219 5 966921
220 4 58
221 6 265351
222 5 377009
223 3 974037
224 4 97
225 5 577962
226 3 638121
227 6 220271
228 4 78
229 5 945253
230 4 80
231 6 100185
232 4 73
233 5 346046
234 4 18
235 4 85
236 5 21261
237 6 449529
238 4 82
239 4 151
240 3 544469
241 4 60
242 3 350405
243 3 58121
244 5 152125
245 5 74465
246 3 58121
247 5 500281
248 4 62
249 5 697958
250 3 12801
251 3 102962
252 4 49
253 4 188
254 3 343661
255 5 274479
256 3 229441
257 6 256789
258 4 38
259 3 577003
260 6 969439
261 5 993873
262 6 493074
263 3 639711
264 4 121
265 4 207
266 6 460167
267 6 342517
268 3 770643
269 6 153170
270 5 23021
271 3 212007
272 3 899873
273 5 853475
274 6 990973
275 6 482149
276 6 772582
277 6 738841
278 6 637603
279 6 318409
280 6 141896
281 6 889649
282 4 40
283 4 44
284 5 635578
285 5 962669
286 3 325893
287 6 -29
288 4 129
289 3 172817
290 3 845145
291 5 406312
292 6 763075
293 3 147809
294 6 744472
295 6 343518
296 3 539039
297 5 869103
298 6 284113
299 3 709203
300 5 500769
301 5 687945
302 4 189
303 3 941681
304 5 709174
305 5 920733
306 6 657298
307 4 165
308 4 23
309 4 9
310 4 237
311 6 176270
312 4 42
313 5 572177
314 6 808623
315 4 258
316 6 80991
317 4 136
318 4 197
319 4 107
320 5 83313
321 4 126
322 6 266083
323 3 431881
324 5 12032
325 4 161
326 3 861985
327 4 226
328 3 635956
329 6 372654
330 3 834705
331 5 459455
332 5 853113
333 5 931969
334 4 43
335 3 871809
336 4 263
337 6 430946
338 3 834705
339 3 878197
340 5 524801
341 3 185357
342 5 842117
343 3 224991
344 3 272929
345 6 572449
346 6 829569
347 6 327341
348 6 184743
349 3 83385
350 5 538597
351 5 915955
352 4 233
353 6 660443
354 6 171379
355 6 217569
356 3 209841
357 3 593985
358 4 258
359 5 579855
360 6 338310
361 5 426723
362 5 475847
363 6 828113
364 5 98427
365 6 362988
366 6 319749
367 3 212007
368 4 141
369 4 109
370 5 293300
371 5 982885
372 3 397651
373 6 629399
374 3 178555
375 5 356397
376 5 727085
377 6 201392
378 5 22150
379 4 135
380 6 -1359
381 5 843705
382 4 113
383 5 736331
384 6 274339
385 4 335
386 5 87739
387 4 305
388 5 28645
389 5 783191
390 3 718106
391 6 866629
392 3 350405
393 5 649247
394 5 754505
395 6 163871
396 5 667557
397 3 72773
398 4 312
399 3 86405
400 6 517573
401 6 66405
402 4 307
403 3 574785
404 5 101187
405 3 737602
406 5 931885
407 4 124
408 4 227
409 4 312
410 4 280
411 6 801764
412 3 509130
413 6 368640
414 3 83385
415 4 1
416 5 328789
417 4 21
418 5 850597
419 3 665321
420 6 298679
421 6 553485
422 5 443912
423 5 28193
424 6 107529
425 6 220733
426 6 834193
427 4 101
428 3 26999
429 4 182
430 3 881457
431 4 343
432 4 343
433 5 496346
434 5 613663
435 6 537400
436 6 613960
437 6 713266
438 6 250057
439 4 61
440 5 936647
441 3 303852
442 5 957496
443 6 365941
444 3 735785
445 4 376
446 4 59
447 3 492901
448 6 59121
449 6 443058
450 5 775563
451 4 299
452 4 89
453 4 175
454 6 181511
455 6 -3553
456 5 598535
457 3 303852
458 4 279
459 4 118
460 5 740667
461 3 83234
462 5 508345
463 5 180831
464 6 298772
465 5 47329
466 5 689811
467 5 210625
468 4 288
469 5 121425
470 5 786766
471 3 81473
472 5 36879
473 4 3
474 5 317577
475 4 5
476 4 150
477 3 635406
478 5 453171
479 4 321
480 4 319
481 4 273
482 3 864447
483 4 354
484 6 536981
485 3 233057
486 3 954225
487 6 453193
488 5 548545
489 6 11889
490 4 183
491 6 895407
492 3 665321
493 3 304001
494 3 91073
495 6 183433
496 5 901181
497 6 759067
498 6 430461
499 5 621683
500 6 568729
501 3 209841
502 5 732305
503 6 343021
504 3 419033
505 4 392
506 3 764221
507 3 375861
508 5 392741
509 5 238029
510 5 439031
511 6 626748
512 4 453
513 5 20009
514 4 359
515 4 85
516 3 83234
517 3 527745
518 4 301
519 6 82661
520 6 280673
521 6 504185
522 6 904827
523 3 658769
524 3 603553
525 3 522769
526 5 757985
527 3 285377
528 3 648709
529 6 179351
530 4 24
531 6 720287
532 4 413
533 5 851809
534 3 175035
535 3 735785
536 4 197
537 6 749413
538 5 588797
539 4 501
540 6 957735
541 5 861917
542 6 749643
543 4 149
544 3 868159
545 3 643484
546 6 176638
547 3 360709
548 6 337937
549 3 621457
550 3 933473
551 5 830483
552 3 915809
553 4 168
554 3 756417
555 4 40
556 4 73
557 3 903041
558 6 515223
559 5 20979
560 3 560139
561 3 510201
562 6 546131
563 6 575293
564 6 739861
565 5 78797
566 5 443927
567 4 241
568 4 243
569 6 493677
570 4 19
571 4 449
572 6 422509
573 5 947522
574 6 83161
575 5 250271
576 4 366
577 6 299852
578 6 244886
579 6 796687
580 6 424142
581 6 905273
582 3 102041
583 3 746041
584 3 723073
585 5 901071
586 5 480977
587 6 185946
588 4 529
589 5 591535
590 5 22049
591 6 940824
592 3 900029
593 4 145
594 4 201
595 6 193525
596 4 175
597 6 569053
598 6 735493
599 5 860677
600 6 168108
601 3 262749
602 6 756005
603 4 167
604 6 179371
605 3 474865
606 3 845145
607 6 8585
608 3 845249
609 4 163
610 3 243018
611 6 317705
612 4 553
613 4 133
614 4 179
615 3 819271
616 5 451519
617 5 471739
618 5 991829
619 6 519151
620 4 262
621 3 427815
622 5 358833
623 6 318505
624 3 189955
625 6 150793
626 4 475
627 4 603
628 4 464
629 6 350714
630 6 564366
631 3 91073
632 6 899231
633 4 103
634 4 177
635 3 710445
636 3 539177
637 5 551269
638 6 583155
639 3 345119
640 6 949633
641 5 363358
642 3 652817
643 5 181438
644 3 245605
645 3 718709
646 5 839161
647 6 844707
648 6 461877
649 6 81736
650 5 451702
651 4 164
652 6 931357
653 4 347
654 3 490141
655 6 827245
656 4 461
657 6 260711
658 4 13
659 5 241841
660 5 87221
661 3 93729
662 6 378038
663 3 111081
664 5 369065
665 6 155807
666 6 602905
667 5 990614
668 5 251087
669 3 81905
670 3 900147
671 4 421
672 4 19
673 4 171
674 4 580
675 4 527
676 6 620170
677 5 422897
678 4 129
679 3 188153
680 4 609
681 3 336045
682 5 180847
683 3 818177
684 5 507979
685 6 419869
686 3 196857
687 3 602967
688 5 866613
689 4 567
690 5 27893
691 6 555968
692 5 709493
693 5 421017
694 3 271175
695 3 903798
696 4 504
697 5 796177
698 5 722353
699 6 665093
700 5 723729
701 4 329
702 3 233057
703 5 899751
704 3 756045
705 3 18993
706 4 309
707 5 713693
708 5 379120
709 5 759586
710 5 508009
711 4 149
712 3 899873
713 3 186313
714 3 438653
715 6 340877
716 5 246570
717 6 135521
718 4 275
719 5 916041
720 6 751866
721 6 209487
722 3 665321
723 3 754753
724 3 436580
725 6 447384
726 5 208944
727 4 467
728 5 674633
729 6 786041
730 4 486
731 5 583702
732 3 341217
733 6 564889
734 6 763751
735 5 490761
736 4 603
737 6 903419
738 4 186
739 5 871915
740 5 490901
741 4 326
742 5 412869
743 3 901913
744 6 598104
745 4 281
746 4 737
747 5 51407
748 4 119
749 4 135
750 5 774471
751 3 698483
752 6 574782
753 3 524091
754 3 927289
755 4 165
756 4 251
757 3 343317
758 3 610113
759 4 33
760 6 746835
761 5 843789
762 4 175
763 6 480851
764 5 92899
765 5 72337
766 6 955164
767 3 8693
768 4 191
769 4 209
770 6 443330
771 3 787025
772 5 472935
773 6 863134
774 5 171204
775 4 542
776 6 286092
777 6 681095
778 5 824788
779 5 549797
780 4 25
781 5 813230
782 4 257
783 4 519
784 3 757321
785 6 542671
786 5 116127
787 6 806343
788 3 75649
789 4 742
790 3 755089
791 3 158745
792 5 714785
793 6 444230
794 3 725231
795 6 594877
796 5 727072
797 4 407
798 6 365217
799 6 172099
800 6 810180
801 4 476
802 5 552809
803 3 927289
804 6 571207
805 4 579
806 5 176499
807 6 800445
808 3 925697
809 6 120877
810 4 119
811 5 165133
812 4 333
813 5 114559
814 6 773476
815 6 817957
816 5 99479
817 4 697
818 5 381074
819 5 467871
820 4 349
821 5 126055
822 4 417
823 3 788627
824 5 831945
825 6 557621
826 3 243177
827 6 13007
828 6 285875
829 3 930905
830 5 832657
831 3 913348
832 4 209
833 5 962025
834 5 387869
835 6 887485
836 5 309628
837 3 638121
838 5 83493
839 4 136
840 4 199
841 3 825514
842 3 930825
843 4 665
844 6 116567
845 4 161
846 4 446
847 3 811569
848 4 97
849 6 446337
850 3 541575
851 4 573
852 3 315267
853 3 943745
854 3 102041
855 5 197371
856 6 173881
857 6 554755
858 4 371
859 6 719395
860 4 145
861 5 510009
862 3 448101
863 3 160445
864 4 235
865 5 323117
866 4 546
867 4 619
868 5 955463
869 4 61
870 3 714111
871 3 834705
872 5 553969
873 5 740212
874 5 778263
875 3 339857
876 6 279720
877 6 307538
878 4 38
879 4 46
880 6 272185
881 4 105
882 3 734937
883 4 279
884 3 320517
885 5 230453
886 3 743745
887 4 374
888 3 461119
889 3 758285
890 4 433
891 6 781479
892 4 32
893 6 269417
894 4 485
895 4 119
896 4 449
897 4 55
898 3 114401
899 5 601231
900 5 938791
901 6 638864
902 4 599
903 5 189594
904 6 246837
905 3 324231
906 4 211
907 3 188153
908 3 232733
909 3 35341
910 3 248339
911 4 607
912 3 17687
913 3 196673
914 3 895665
915 5 151041
916 4 419
917 6 784837
918 4 485
919 6 811045
920 3 737541
921 6 641418
922 4 737
923 3 663145
924 4 905
925 4 289
926 5 695833
927 6 788049
928 5 450163
929 3 793169
930 4 406
931 4 665
932 3 645330
933 5 279729
934 5 74991
935 4 50
936 5 193483
937 5 306941
938 4 811
939 3 285305
940 3 641870
941 4 870
942 6 447077
943 6 169222
944 4 313
945 3 841421
946 6 772081
947 6 424751
948 3 824871
949 4 144
950 6 736233
951 4 897
952 5 612889
953 3 983169
954 4 117
955 4 921
956 6 900747
957 3 663125
958 4 516
959 3 834705
960 4 517
961 5 68011
962 3 486869
963 5 342049
964 3 158369
965 5 575942
966 4 847
967 6 465327
968 4 159
969 3 439883
970 3 54977
971 3 465833
972 3 343317
973 6 436192
974 3 756417
975 4 69
976 6 13937
977 5 279403
978 4 81
979 5 739489
980 4 357
981 4 281
982 5 519572
983 6 424607
984 3 690153
985 4 241
986 6 643105
987 6 918513
988 4 327
989 3 469175
990 5 733651
991 6 125717
992 5 97145
993 3 265011
994 4 101
995 5 641817
996 5 164733
997 4 203
998 5 748933
999 6 684787
1000 3 72793
1001 4 973
1002 6 378973
1003 4 871
1004 6 243989
1005 4 863
1006 4 252
1007 3 504873
1008 3 805169
1009 6 895270
1010 5 89068
1011 4 483
1012 5 384687
1013 3 168703
1014 6 567161
1015 5 519885
1016 6 67057
1017 4 138
1018 3 678193
1019 3 590337
1020 4 897
1021 5 969145
1022 3 872089
1023 6 536849
1024 5 593713
1025 5 990883
1026 5 579341
1027 3 197377
1028 6 364067
1029 3 209841
1030 5 909715
1031 3 482497
1032 3 617593
1033 4 153
1034 3 961931
1035 4 876
1036 4 432
1037 4 114
1038 5 910067
1039 6 51056
1040 3 571941
1041 6 778683
1042 6 412434
1043 6 971079
1044 4 818
1045 3 118113
1046 5 375273
1047 5 848099
1048 5 800305
1049 4 453
1050 3 960697
1051 4 225
1052 4 200
1053 4 739
1054 6 907247
1055 3 942193
1056 3 421298
1057 3 927289
1058 6 352411
1059 4 439
1060 6 905186
1061 5 841746
1062 3 823681
1063 5 225876
1064 5 304941
1065 5 444113
1066 6 705233
1067 3 859141
1068 3 258249
1069 6 48334
1070 5 829341
1071 6 864961
1072 6 715579
1073 4 1035
1074 3 399376
1075 4 696
1076 6 333094
1077 5 303917
1078 6 532169
1079 6 639989
1080 4 67
1081 4 385
1082 6 564793
1083 5 534384
1084 3 531089
1085 4 821
1086 6 166075
1087 5 645825
1088 6 59843
1089 5 399528
1090 5 253027
1091 3 821039
1092 5 689692
1093 4 216
1094 3 787025
1095 4 140
1096 5 44392
1097 3 384699
1098 4 825
1099 4 945
1100 6 474449
1101 5 49857
1102 3 558542
1103 3 128581
1104 5 709763
1105 4 289
1106 6 963601
1107 5 333049
1108 3 666125
1109 3 372841
1110 6 135329
1111 6 110077
1112 3 672997
1113 6 762372
1114 3 684665
1115 6 747637
1116 5 633543
1117 3 893185
1118 3 358233
1119 5 714945
1120 4 1091
1121 3 506965
1122 6 392540
1123 6 358489
1124 3 573633
1125 3 606348
1126 6 794177
1127 3 771361
1128 6 630511
1129 4 549
1130 6 634665
1131 5 568921
1132 3 558542
1133 3 247290
1134 6 122030
1135 5 349641
1136 4 575
1137 3 782551
1138 4 815
1139 3 372841
1140 5 126288
1141 4 586
1142 3 872089
1143 6 226013
1144 5 208010
1145 3 302165
1146 3 122873
1147 4 793
1148 5 201127
1149 4 318
1150 5 895079
1151 6 896758
1152 6 372621
1153 3 766017
1154 4 323
1155 5 375155
1156 6 422217
1157 4 689
1158 3 341217
1159 6 516055
1160 6 65367
1161 3 285305
1162 6 44540
1163 5 647873
1164 4 553
1165 6 535413
1166 5 266967
1167 3 662040
1168 4 851
1169 6 285923
1170 5 582719
1171 4 566
1172 4 124
1173 3 606547
1174 3 76833
1175 6 448473
1176 6 840957
1177 3 743745
1178 3 889151
1179 5 202155
1180 5 937969
1181 3 841421
1182 6 822097
1183 3 175035
1184 5 345405
1185 5 393842
1186 4 601
1187 4 1033
1188 4 1176
1189 3 623934
1190 3 570113
1191 6 614146
1192 3 984901
1193 3 17687
1194 5 307637
1195 3 453201
1196 6 318697
1197 3 312161
1198 4 750
1199 5 928913
1200 3 900523
1201 5 329797
1202 4 595
1203 6 100543
1204 3 60111
1205 4 497
1206 3 808911
1207 5 443269
1208 3 655977
1209 6 285162
1210 6 554319
1211 3 93729
1212 5 543553
1213 5 176335
1214 3 67969
1215 3 312161
1216 5 57351
1217 5 149387
1218 3 338557
1219 4 50
1220 4 802
1221 4 137
1222 4 1198
1223 6 408203
1224 6 657884
1225 3 128931
1226 5 380379
1227 5 822047
1228 3 605409
1229 4 599
1230 5 936443
1231 4 1025
1232 4 576
1233 6 216197
1234 5 614405
1235 6 813857
1236 4 273
1237 6 388339
1238 6 476609
1239 5 666345
1240 4 1083
1241 3 12801
1242 3 25937
1243 3 757253
1244 4 1012
1245 4 351
1246 4 477
1247 6 897665
1248 4 584
1249 3 262721
1250 6 720953
1251 4 215
1252 5 389164
1253 4 527
1254 5 638717
1255 5 530001
1256 3 599393
1257 3 282814
1258 4 689
1259 6 887769
1260 3 790765
1261 5 330841
1262 5 734993
1263 3 692865
1264 3 358233
1265 5 413586
1266 4 198
1267 5 878512
1268 3 757253
1269 5 987491
1270 5 411379
1271 5 80269
1272 5 188392
1273 3 212007
1274 3 200451
1275 3 108993
1276 6 882585
1277 3 663145
1278 3 533697
1279 3 712289
1280 3 927057
1281 3 785197
1282 4 809
1283 6 481025
1284 3 877797
1285 6 500755
1286 4 781
1287 6 286073
1288 3 588127
1289 4 153
1290 5 797926
1291 3 157346
1292 4 939
1293 5 894065
1294 6 143249
1295 6 392315
1296 6 113847
1297 4 747
1298 6 33934
1299 3 129825
1300 5 76897
1301 3 561237
1302 3 268373
1303 4 974
1304 3 784638
1305 6 469351
1306 4 591
1307 6 152495
1308 4 253
1309 6 103411
1310 5 800792
1311 4 783
1312 5 287109
1313 5 23271
1314 3 97915
1315 6 482329
1316 4 691
1317 5 612201
1318 5 820761
1319 3 818973
1320 6 666605
1321 4 935
1322 5 150713
1323 3 859141
1324 5 653305
1325 5 245322
1326 6 321929
1327 4 292
1328 4 905
1329 3 609713
1330 3 520489
1331 4 643
1332 4 42
1333 6 784001
1334 4 691
1335 6 672831
1336 5 398519
1337 6 257355
1338 3 268903
1339 4 413
1340 6 534665
1341 6 742500
1342 4 238
1343 5 153254
1344 5 351533
1345 4 1305
1346 5 62243
1347 5 162659
1348 3 395053
1349 5 976641
1350 3 204927
1351 5 572095
1352 6 440969
1353 3 18097
1354 4 801
1355 6 606353
1356 6 887537
1357 4 295
1358 5 961041
1359 4 689
1360 3 212353
1361 4 1015
1362 4 464
1363 4 1077
1364 4 320
1365 5 437604
1366 5 934511
1367 6 298344
1368 5 42840
1369 4 1013
1370 6 459561
1371 5 935601
1372 4 637
1373 3 817433
1374 4 441
1375 5 691361
1376 5 385309
1377 5 249350
1378 4 492
1379 5 438277
1380 5 529343
1381 5 872998
1382 4 349
1383 3 974739
1384 6 161001
1385 5 89883
1386 4 39
1387 5 847992
1388 6 470289
1389 6 579053
1390 4 1105
1391 4 861
1392 4 221
1393 3 446977
1394 6 425631
1395 5 919535
1396 6 732721
1397 5 564371
1398 3 109165
1399 6 185125
1400 5 639985
1401 6 69009
1402 4 845
1403 3 57876
1404 3 301885
1405 6 707005
1406 6 441491
1407 4 1299
1408 3 711297
1409 3 338557
1410 4 1028
1411 4 625
1412 6 652223
1413 6 438405
1414 6 398519
1415 6 612761
1416 5 54069
1417 5 9267
1418 4 127
1419 4 534
1420 6 826395
1421 6 989693
1422 6 927761
1423 6 984204
1424 5 971841
1425 5 383692
1426 5 555995
1427 4 1315
1428 5 629369
1429 5 925855
1430 5 109445
1431 4 169
1432 3 491937
1433 3 338557
1434 3 119493
1435 3 317505
1436 3 247844
1437 3 82705
1438 4 33
1439 4 205
1440 5 317329
1441 5 535525
1442 5 715721
1443 5 698759
1444 6 498683
1445 4 515
1446 4 1258
1447 4 345
1448 6 319877
1449 3 949945
1450 4 101
1451 3 245605
1452 6 451363
1453 4 1037
1454 5 73301
1455 6 313749
1456 4 100
1457 4 306
1458 5 58148
1459 6 600012
1460 6 41705
1461 4 1414
1462 4 1269
1463 4 27
1464 3 565885
1465 4 837
1466 3 392005
1467 5 291137
1468 4 335
1469 6 553763
1470 6 633929
1471 3 183691
1472 4 829
1473 3 853677
1474 3 592751
1475 5 901301
1476 6 589971
1477 6 389441
1478 6 724991
1479 5 217271
1480 4 1329
1481 4 395
1482 3 836581
1483 3 300673
1484 4 137
1485 6 516975
1486 4 841
1487 5 308602
1488 6 601373
1489 3 290361
1490 4 870
1491 6 248895
1492 6 399223
1493 5 621372
1494 4 255
1495 4 491
1496 4 1498
1497 5 614815
1498 3 809489
1499 5 398732
1500 6 529729
1501 4 1152
1502 6 320609
1503 6 237937
1504 5 647526
1505 6 140021
1506 3 397567
1507 5 619872
1508 4 1488
1509 3 258249
1510 3 421298
1511 3 511085
1512 3 603875
1513 6 178854
1514 5 502201
1515 3 618641
1516 6 955516
1517 4 904
1518 3 621457
1519 6 697441
1520 5 25135
1521 5 839225
1522 4 1025
1523 5 603393
1524 3 894113
1525 3 643735
1526 3 380088
1527 4 1281
1528 6 961012
1529 6 525328
1530 3 687933
1531 5 938171
1532 6 701861
1533 5 909180
1534 4 1502
1535 4 342
1536 5 550514
1537 5 784769
1538 6 345966
1539 5 587369
1540 6 338749
1541 4 619
1542 3 970709
1543 3 336765
1544 5 280741
1545 6 136051
1546 5 788118
1547 6 297129
1548 4 1212
1549 3 890377
1550 4 1045
1551 3 538861
1552 4 330
1553 5 433879
1554 3 168273
1555 5 626378
1556 5 99074
1557 5 872143
1558 4 336
1559 5 406479
1560 5 56243
1561 6 380271
1562 3 345119
1563 4 1007
1564 4 1114
1565 3 82705
1566 6 160193
1567 5 272623
1568 3 439041
1569 6 554671
1570 5 114160
1571 3 699245
1572 4 348
1573 4 761
1574 4 1227
1575 4 1249
1576 5 365969
1577 3 25937
1578 3 691505
1579 3 212007
1580 4 154
1581 4 1152
1582 6 977581
1583 6 425570
1584 6 955930
1585 3 196857
1586 4 1360
1587 4 293
1588 4 1353
1589 6 417231
1590 3 399376
1591 3 907873
1592 5 846531
1593 4 340
1594 4 1236
1595 3 903798
1596 5 854777
1597 5 570094
1598 3 301039
1599 3 983633
1600 5 155409
1601 6 700924
1602 4 757
1603 5 626957
1604 5 21426
1605 6 733299
1606 4 627
1607 6 609557
1608 6 198299
1609 4 289
1610 6 75771
1611 3 36920
1612 4 131
1613 4 1505
1614 6 824497
1615 6 519393
1616 3 191249
1617 5 294669
1618 4 289
1619 5 425538
1620 5 43497
1621 5 510219
1622 4 129
1623 3 129729
1624 5 300597
1625 4 330
1626 6 531569
1627 6 457751
1628 5 953379
1629 6 404215
1630 6 610923
1631 3 461119
1632 5 724700
1633 4 13
1634 4 519
1635 3 987057
1636 5 861713
1637 5 933381
1638 4 1465
1639 3 587769
1640 4 1129
1641 6 839189
1642 4 163
1643 4 1593
1644 6 235581
1645 6 745185
1646 3 645189
1647 5 862547
1648 3 63909
1649 3 185067
1650 4 29
1651 3 185653
1652 5 590675
1653 3 523605
1654 3 615969
1655 4 1085
1656 5 105982
1657 6 726373
1658 4 438
1659 5 184449
1660 6 611979
1661 6 113641
1662 6 262079
1663 3 893185
1664 6 77385
1665 4 1070
1666 6 8309
1667 5 533881
1668 4 78
1669 5 788387
1670 5 431231
1671 6 61117
1672 5 173331
1673 5 452705
1674 5 255287
1675 5 840985
1676 5 961076
1677 6 526933
1678 3 206355
1679 6 174421
1680 5 82265
1681 5 344757
1682 6 198429
1683 5 553313
1684 6 873877
1685 5 343177
1686 3 819271
1687 5 723073
1688 5 530453
1689 3 315529
1690 3 295425
1691 3 833857
1692 6 49160
1693 6 622717
1694 5 498249
1695 3 794309
1696 6 726420
1697 4 471
1698 3 835539
1699 6 93999
1700 3 79297
1701 4 968
1702 6 928541
1703 5 450905
1704 4 991
1705 5 935409
1706 3 519715
1707 5 456295
1708 6 347551
1709 3 382345
1710 4 1471
1711 6 617978
1712 6 12097
1713 3 186177
1714 5 603769
1715 5 510145
1716 5 155365
1717 4 471
1718 6 631361
1719 6 106047
1720 4 1713
1721 4 1565
1722 5 556357
1723 6 750883
1724 3 524091
1725 3 336625
1726 3 423883
1727 4 764
1728 4 630
1729 3 230465
1730 3 836741
1731 4 1517
1732 4 1385
1733 6 565568
1734 6 411465
1735 5 1002937
1736 5 623629
1737 6 595314
1738 3 913373
1739 5 110973
1740 5 43176
1741 4 592
1742 3 721785
1743 4 1501
1744 3 567977
1745 5 813141
1746 4 235
1747 6 885657
1748 3 900785
1749 5 790661
1750 6 825561
1751 6 193550
1752 6 434619
1753 3 763521
1754 6 206969
1755 3 263045
1756 6 542112
1757 3 708287
1758 6 267529
1759 4 1465
1760 3 403580
1761 4 1249
1762 6 309825
1763 5 298937
1764 5 800483
1765 6 173777
1766 5 939165
1767 4 1513
1768 5 914413
1769 4 950
1770 3 285305
1771 3 73825
1772 5 896133
1773 5 574409
1774 3 628977
1775 4 258
1776 5 924017
1777 3 537217
1778 3 642821
1779 3 400585
1780 5 898181
1781 5 34953
1782 5 387057
1783 3 455153
1784 6 516189
1785 6 137937
1786 3 35341
1787 5 712761
1788 5 948539
1789 3 271429
1790 5 193619
1791 5 872843
1792 4 317
1793 3 25937
1794 6 906140
1795 4 1755
1796 3 206244
1797 3 230829
1798 5 38534
1799 4 689
1800 3 274940
1801 5 385018
1802 6 557131
1803 4 1590
1804 6 543849
1805 6 990489
1806 5 911223
1807 4 215
1808 3 448101
1809 5 486555
1810 6 -7611
1811 5 941083
1812 4 971
1813 6 319971
1814 4 196
1815 4 431
1816 3 335925
1817 3 896809
1818 5 644639
1819 6 340793
1820 6 36731
1821 4 129
1822 3 60111
1823 6 542873
1824 4 1444
1825 3 122049
1826 4 1517
1827 6 155527
1828 3 997521
1829 4 942
1830 3 858307
1831 6 523799
1832 3 689017
1833 3 338727
1834 6 850498
1835 5 464319
1836 5 188699
1837 5 629031
1838 3 850473
1839 4 297
1840 5 580083
1841 6 852059
1842 6 184269
1843 4 873
1844 5 388457
1845 3 244317
1846 3 895593
1847 4 1251
1848 3 925339
1849 6 810269
1850 6 450917
1851 5 843185
1852 5 915995
1853 6 563748
1854 6 11917
1855 3 489009
1856 6 454151
1857 3 599165
1858 4 119
1859 5 615676
1860 4 902
1861 6 871805
1862 5 107143
1863 3 722961
1864 5 566065
1865 3 638121
1866 5 55069
1867 3 586721
1868 4 1587
1869 5 548950
1870 5 572085
1871 3 824705
1872 6 419823
1873 5 346259
1874 5 795739
1875 3 569081
1876 5 985887
1877 5 148999
1878 6 127895
1879 3 169573
1880 5 860511
1881 6 365944
1882 6 972331
1883 4 509
1884 6 498193
1885 6 138253
1886 3 243133
1887 4 1416
1888 5 876011
1889 3 568341
1890 5 147835
1891 6 130267
1892 6 555757
1893 6 119467
1894 3 649329
1895 5 418241
1896 6 850275
1897 5 513568
1898 6 767015
1899 6 172943
1900 5 166593
1901 6 479635
1902 6 573777
1903 6 538761
1904 6 648875
1905 3 507497
1906 6 295217
1907 3 371913
1908 4 807
1909 4 1513
1910 5 163141
1911 3 74828
1912 4 586
1913 4 658
1914 6 480167
1915 6 138905
1916 3 703461
1917 4 1223
1918 3 382397
1919 3 357995
1920 3 262377
1921 5 231501
1922 3 623934
1923 4 301
1924 3 401253
1925 5 570137
1926 6 764929
1927 3 102962
1928 3 824871
1929 4 1727
1930 5 475246
1931 5 626950
1932 6 858501
1933 3 289445
1934 6 839537
1935 3 490141
1936 4 1634
1937 3 122049
1938 5 562287
1939 5 893404
1940 3 702841
1941 4 1875
1942 3 845145
1943 5 144545
1944 3 448561
1945 5 268353
1946 4 1109
1947 4 1604
1948 4 885
1949 5 141057
1950 5 678309
1951 3 783495
1952 5 872125
1953 5 175281
1954 6 762501
1955 3 212865
1956 6 63839
1957 6 907201
1958 3 888513
1959 6 321368
1960 3 823169
1961 5 962179
1962 5 949771
1963 6 980771
1964 4 1269
1965 4 1042
1966 6 58337
1967 6 829837
1968 4 273
1969 3 243133
1970 4 1030
1971 4 218
1972 6 678862
1973 6 197699
1974 4 1579
1975 6 44937
1976 4 1045
1977 4 1465
1978 3 670461
1979 4 144
1980 5 878321
1981 3 43601
1982 4 1591
1983 6 493993
1984 4 1761
1985 5 225555
1986 6 881633
1987 3 384630
1988 6 828205
1989 3 230829
1990 6 154915
1991 6 521815
1992 4 959
1993 5 797209
1994 3 145151
1995 3 158720
1996 3 352417
1997 6 253879
1998 3 718465
1999 5 251279
2000 6 25829
2001 6 147105
2002 3 209033
2003 6 557895
2004 3 707653
2005 5 732965
2006 6 15058
2007 6 520311
2008 6 595753
2009 4 911
2010 6 898181
2011 3 839809
2012 5 306869
2013 3 781921
2014 5 185453
2015 4 829
2016 3 737265
2017 4 1421
2018 4 309
2019 5 643224
2020 6 861334
2021 5 913593
2022 4 1614
2023 5 841843
2024 5 683863
2025 6 921368
2026 4 1955
2027 3 841421
2028 6 903076
2029 4 1352
2030 3 392677
2031 3 643735
2032 4 905
2033 4 1385
2034 6 830369
2035 6 512435
2036 6 81999
2037 5 438940
2038 4 631
2039 6 800205
2040 5 666177
2041 3 442817
2042 4 1371
2043 3 615041
2044 5 338528
2045 5 643193
2046 6 433252
2047 3 305677
2048 6 916355
2049 5 842901
2050 3 643409
2051 4 1828
2052 4 1997
2053 3 158561
2054 3 769460
2055 4 1375
2056 4 1740
2057 3 108109
2058 6 906698
2059 3 912385
2060 6 751551
2061 3 862397
2062 5 610641
2063 4 1427
2064 3 346619
2065 3 493273
2066 5 246185
2067 5 834841
2068 6 391225
2069 3 894113
2070 3 751747
2071 6 27181
2072 5 414116
2073 3 158239
2074 3 184277
2075 3 726796
2076 5 272601
2077 3 947891
2078 6 828367
2079 6 156605
2080 4 1147
2081 6 838413
2082 4 2065
2083 3 468273
2084 4 1913
2085 6 181190
2086 3 132833
2087 6 793567
2088 3 158720
2089 5 591226
2090 4 641
2091 5 128293
2092 5 825008
2093 4 135
2094 6 551691
2095 3 345461
2096 5 774597
2097 6 839931
2098 5 196160
2099 6 288739
2100 4 1856
2101 5 184185
2102 3 721785
2103 6 775291
2104 4 279
2105 4 725
2106 6 220026
2107 5 971585
2108 6 804553
2109 5 989581
2110 6 517465
2111 5 346817
2112 3 1
2113 3 231881
2114 5 571889
2115 5 70165
2116 6 -9531
2117 6 317585
2118 5 575883
2119 4 1603
2120 4 739
2121 5 360964
2122 5 566693
2123 4 1173
2124 4 1441
2125 5 77300
2126 5 496969
2127 6 629983
2128 5 906785
2129 6 165673
2130 6 505953
2131 3 141081
2132 3 874677
2133 6 265705
2134 5 837077
2135 6 470117
2136 4 753
2137 4 1101
2138 4 1729
2139 5 139261
2140 6 185165
2141 3 629951
2142 6 498023
2143 5 129921
2144 3 535593
2145 4 234
2146 5 618276
2147 6 58233
2148 4 483
2149 3 981103
2150 3 274940
2151 4 1375
2152 3 186313
2153 4 1967
2154 6 574580
2155 5 717921
2156 5 329917
2157 6 184357
2158 3 794633
2159 4 617
2160 4 1729
2161 4 897
2162 6 980535
2163 6 423453
2164 4 372
2165 5 933501
2166 5 994471
2167 5 651727
2168 4 1065
2169 3 232969
2170 6 727969
2171 5 488951
2172 6 381873
2173 3 388833
2174 6 608287
2175 5 592209
2176 6 926529
2177 5 105021
2178 5 10741
2179 5 151513
2180 4 510
2181 6 763235
2182 3 817137
2183 5 986285
2184 3 126638
2185 4 273
2186 5 193529
2187 6 292615
2188 6 139641
2189 6 373937
2190 6 737632
2191 4 1999
2192 4 478
2193 3 641918
2194 6 595299
2195 6 553163
2196 3 17687
2197 3 328129
2198 3 599149
2199 6 105569
2200 4 820
2201 5 907013
2202 5 572681
2203 3 434887
2204 3 436580
2205 3 392677
2206 5 96932
2207 6 201865
2208 4 1209
2209 4 743
2210 3 617593
2211 4 412
2212 5 610769
2213 4 37
2214 6 517661
2215 6 778449
2216 6 349361
2217 4 11
2218 3 290361
2219 5 931735
2220 5 384001
2221 5 461473
2222 3 918654
2223 4 1982
2224 4 1298
2225 3 511085
2226 4 1378
2227 6 282301
2228 5 238533
2229 4 2200
2230 4 1668
2231 4 1310
2232 3 292553
2233 5 623601
2234 3 220840
2235 3 158561
2236 6 157425
2237 6 979253
2238 6 869591
2239 6 298944
2240 5 974275
2241 3 259449
2242 4 1379
2243 6 291996
2244 5 312740
2245 5 130133
2246 3 634053
2247 4 1838
2248 4 1062
2249 6 391281
2250 6 152631
2251 3 825921
2252 3 136951
2253 4 1941
2254 6 376929
2255 3 108109
2256 5 220991
2257 3 718465
2258 5 65545
2259 3 620993
2260 6 176750
2261 5 514101
2262 6 259502
2263 4 1013
2264 5 892205
2265 3 334395
2266 4 1816
2267 4 325
2268 3 162353
2269 6 390131
2270 3 544841
2271 5 298215
2272 6 660557
2273 6 859636
2274 5 730365
2275 6 530611
2276 5 460561
2277 4 1535
2278 4 573
2279 4 1902
2280 4 1205
2281 6 703472
2282 5 863585
2283 5 114309
2284 5 204791
2285 5 746393
2286 6 200317
2287 4 907
2288 3 462229
2289 5 464659
2290 5 252073
2291 4 473
2292 5 245505
2293 6 344287
2294 5 633742
2295 4 900
2296 3 526337
2297 5 192817
2298 5 515285
2299 5 781739
2300 3 788627
2301 4 2193
2302 3 480227
2303 3 844631
2304 4 2109
2305 3 198241
2306 4 639
2307 6 466213
2308 6 229377
2309 3 403580
2310 4 1929
2311 6 288785
2312 3 129729
2313 3 874945
2314 3 685991
2315 5 88899
2316 5 869457
2317 5 93057
2318 6 434233
2319 3 235861
2320 6 550614
2321 4 1469
2322 5 339105
2323 5 940125
2324 6 784047
2325 5 587834
2326 4 2287
2327 5 959445
2328 4 1498
2329 3 990097
2330 3 401349
2331 4 2266
2332 4 1535
2333 5 321008
2334 4 2273
2335 6 797213
2336 6 253017
2337 6 573675
2338 6 931695
2339 3 854337
2340 4 1617
2341 4 121
2342 3 534401
2343 3 394453
2344 5 889531
2345 4 114
2346 6 401168
2347 4 1861
2348 4 1721
2349 3 399703
2350 5 837695
2351 6 295663
2352 4 128
2353 4 2065
2354 5 288147
2355 6 538801
2356 3 560139
2357 5 492315
2358 4 797
2359 3 488449
2360 6 283545
2361 4 2283
2362 6 603947
2363 5 800281
2364 6 810179
2365 6 913693
2366 5 207426
2367 6 501689
2368 4 517
2369 4 2231
2370 5 780966
2371 6 554332
2372 5 626353
2373 3 225185
2374 3 966777
2375 4 1859
2376 3 109203
2377 3 741937
2378 5 351585
2379 6 -5518
2380 3 72073
2381 6 340019
2382 3 670461
2383 3 845891
2384 5 558281
2385 3 540293
2386 3 756677
2387 5 277017
2388 6 770401
2389 3 837437
2390 3 923437
2391 3 800105
2392 6 964757
2393 5 205498
2394 4 504
2395 5 707357
2396 6 301465
2397 6 576739
2398 5 874923
2399 6 819783
2400 4 21
2401 6 306077
2402 5 881552
2403 5 763949
2404 3 244317
2405 3 345119
2406 6 649153
2407 4 1065
2408 3 836545
2409 3 108109
2410 3 158239
2411 3 721785
2412 3 285625
2413 3 478753
2414 3 507465
2415 6 874417
2416 6 802885
2417 3 398947
2418 5 700885
2419 5 391226
2420 6 344576
2421 3 230209
2422 5 710689
2423 4 1865
2424 4 2113
2425 6 872627
2426 3 558737
2427 5 724635
2428 4 730
2429 4 829
2430 5 581375
2431 6 449457
2432 3 940073
2433 4 2223
2434 5 991653
2435 6 969307
2436 5 705281
2437 3 228909
2438 5 829507
2439 3 139585
2440 4 2215
2441 4 777
2442 5 781251
2443 4 562
2444 6 194481
2445 4 1713
2446 5 785701
2447 6 468105
2448 5 399563
2449 5 545658
2450 4 849
2451 3 585138
2452 3 836741
2453 5 966774
2454 6 327624
2455 6 211585
2456 3 379014
2457 3 911237
2458 5 148271
2459 3 965816
2460 3 439041
2461 6 662450
2462 5 823489
2463 4 925
2464 4 1682
2465 3 843649
2466 4 1223
2467 3 821303
2468 3 804552
2469 4 1776
2470 3 28223
2471 6 266685
2472 3 793529
2473 6 352394
2474 5 989313
2475 5 117001
2476 4 1930
2477 4 1422
2478 5 666185
2479 4 2194
2480 3 492017
2481 5 359480
2482 6 907355
2483 4 1252
2484 6 607372
2485 4 1441
2486 3 519473
2487 3 621761
2488 6 628595
2489 4 1654
2490 5 288036
2491 4 2292
2492 4 870
2493 3 523997
2494 6 346501
2495 3 990097
2496 6 517289
2497 3 744353
2498 6 431561
2499 4 2017
2500 4 1259
2501 6 872193
2502 6 387369
2503 5 762069
2504 3 863233
2505 6 68125
2506 4 1575
2507 6 671235
2508 6 835941
2509 5 893669
2510 5 466297
2511 5 843619
2512 6 718175
2513 3 997521
2514 4 929
2515 6 51988
2516 5 469909
2517 6 726405
2518 6 325501
2519 6 639795
2520 3 204505
2521 5 920919
2522 5 853297
2523 3 349877
2524 4 308
2525 6 612134
2526 3 468471
2527 5 961189
2528 4 2117
2529 4 1367
2530 3 662040
2531 6 394237
2532 5 45113
2533 3 471237
2534 3 615041
2535 3 785591
2536 5 208957
2537 3 341049
2538 6 44293
2539 4 1081
2540 4 2313
2541 5 11853
2542 6 664433
2543 4 189
2544 5 225713
2545 3 926225
2546 3 212007
2547 4 2323
2548 6 336751
2549 5 136587
2550 4 902
2551 3 182769
2552 4 1690
2553 4 44
2554 5 732717
2555 4 1218
2556 6 986475
2557 3 650729
2558 6 692130
2559 6 759155
2560 6 185554
2561 4 2528
2562 5 214167
2563 3 568341
2564 3 371913
2565 5 934987
2566 4 943
2567 4 1204
2568 3 290361
2569 4 1561
2570 3 921655
2571 6 617385
2572 5 774483
2573 4 793
2574 5 153457
2575 5 66844
2576 4 1248
2577 6 42570
2578 4 2253
2579 5 565329
2580 3 108641
2581 3 355631
2582 5 820429
2583 6 308832
2584 3 399089
2585 6 25218
2586 3 528289
2587 6 490657
2588 4 2067
2589 5 979497
2590 5 469449
2591 6 879985
2592 6 414289
2593 5 138177
2594 6 804465
2595 5 587020
2596 5 985821
2597 4 2217
2598 4 1918
2599 4 165
2600 3 540521
2601 4 257
2602 3 611649
2603 3 837697
2604 3 397567
2605 4 1489
2606 3 159989
2607 5 343731
2608 5 587241
2609 3 912281
2610 6 42491
2611 6 82333
2612 3 764889
2613 3 426747
2614 6 245579
2615 4 661
2616 3 732993
2617 4 1277
2618 4 1115
2619 6 635980
2620 4 499
2621 4 2315
2622 5 600510
2623 3 506744
2624 5 363147
2625 6 426785
2626 4 605
2627 6 468249
2628 4 1539
2629 3 301117
2630 5 644431
2631 6 163247
2632 3 359713
2633 4 1465
2634 5 286289
2635 6 743755
2636 5 139689
2637 3 74785
2638 4 1385
2639 4 2512
2640 5 898015
2641 3 832021
2642 3 964961
2643 5 446199
2644 3 350561
2645 6 106945
2646 6 153131
2647 4 1065
2648 6 106899
2649 5 207557
2650 5 388553
2651 6 703797
2652 5 732299
2653 6 509179
2654 3 260481
2655 5 218315
2656 5 772204
2657 4 841
2658 5 938717
2659 5 868905
2660 3 440242
2661 5 394749
2662 5 168601
2663 4 900
2664 6 239871
2665 5 501855
2666 4 221
2667 6 576084
2668 4 2577
2669 5 879999
2670 6 611785
2671 3 321507
2672 4 2357
2673 4 2275
2674 6 678211
2675 4 297
2676 6 56425
2677 3 641870
2678 3 602393
2679 5 538537
2680 3 142329
2681 6 292025
2682 3 50705
2683 4 316
2684 6 594479
2685 3 537733
2686 4 2537
2687 3 136283
2688 4 787
2689 6 170563
2690 3 246465
2691 5 467645
2692 6 298735
2693 6 797579
2694 5 464857
2695 3 316471
2696 4 705
2697 3 569081
2698 5 824933
2699 4 2249
2700 6 394297
2701 5 124209
2702 3 65913
2703 6 83983
2704 6 131143
2705 6 808793
2706 3 536553
2707 4 1195
2708 6 609493
2709 5 526385
2710 3 577003
2711 5 651334
2712 3 668033
2713 3 925553
2714 5 761581
2715 5 904023
2716 3 402421
2717 3 301039
2718 3 157953
2719 3 423883
2720 6 925568
2721 5 612566
2722 4 375
2723 4 1843
2724 5 789320
2725 6 665914
2726 6 569817
2727 5 891721
2728 6 196062
2729 6 326552
2730 4 2498
2731 3 262721
2732 5 964629
2733 4 1793
2734 6 488581
2735 3 457742
2736 5 162587
2737 4 1791
2738 3 623934
2739 5 772827
2740 3 337729
2741 6 966713
2742 6 74127
2743 3 397651
2744 3 624295
2745 4 476
2746 5 502317
2747 4 196
2748 3 336833
2749 5 942921
2750 4 809
2751 6 511673
2752 4 147
2753 3 358217
2754 3 374209
2755 3 135485
2756 4 2659
2757 4 2111
2758 4 1093
2759 6 624017
2760 3 778953
2761 5 911811
2762 4 1090
2763 6 64289
2764 4 453
2765 6 452663
2766 5 570374
2767 3 96641
2768 4 977
2769 4 493
2770 5 667947
2771 6 749140
2772 5 326283
2773 4 947
2774 6 286171
2775 3 216475
2776 3 371913
2777 4 2289
2778 3 512609
2779 6 918266
2780 3 927289
2781 5 643505
2782 5 62437
2783 4 465
2784 3 216269
2785 4 2713
2786 4 37
2787 5 553645
2788 5 111203
2789 5 87514
2790 3 215257
2791 5 144025
2792 3 648709
2793 4 317
2794 6 377001
2795 6 264722
2796 3 824051
2797 4 66
2798 6 225487
2799 6 706657
2800 5 843073
2801 3 585597
2802 3 925976
2803 4 1532
2804 5 310977
2805 3 90100
2806 6 101959
2807 3 30025
2808 3 629685
2809 4 1816
2810 3 916177
2811 3 297161
2812 3 144215
2813 5 131720
2814 4 1339
2815 3 638121
2816 6 38429
2817 4 1645
2818 3 73217
2819 5 833323
2820 3 81361
2821 3 450369
2822 6 604476
2823 5 48001
2824 5 569429
2825 5 215865
2826 5 370487
2827 6 123249
2828 5 936813
2829 6 737925
2830 4 1561
2831 4 1137
2832 4 1237
2833 5 506971
2834 6 277107
2835 5 111380
2836 3 743745
2837 6 672301
2838 3 832021
2839 4 2671
2840 4 281
2841 5 933700
2842 4 661
2843 4 1441
2844 3 163105
2845 3 812959
2846 5 613966
2847 5 481965
2848 4 1553
2849 3 544841
2850 5 273650
2851 5 856574
2852 5 860225
2853 3 216919
2854 3 384630
2855 3 383817
2856 3 263045
2857 5 913525
2858 3 689017
2859 6 985981
2860 4 797
2861 4 1658
2862 6 131933
2863 4 2678
2864 4 1807
2865 3 404929
2866 3 636041
2867 6 129173
2868 3 853677
2869 6 673371
2870 3 486873
2871 6 98969
2872 5 969483
2873 3 383687
2874 4 2181
2875 4 2291
2876 4 1961
2877 4 681
2878 3 935073
2879 3 378084
2880 4 2305
2881 4 1614
2882 4 289
2883 3 142385
2884 6 248743
2885 6 458199
2886 4 2369
2887 3 423621
2888 3 789277
2889 3 496787
2890 4 301
2891 3 119393
2892 3 830529
2893 5 733909
2894 4 1033
2895 4 258
2896 3 959257
2897 4 2100
2898 5 259323
2899 4 1849
2900 5 610168
2901 4 937
2902 5 103337
2903 4 1835
2904 5 950832
2905 5 787680
2906 5 776629
2907 4 448
2908 4 2456
2909 6 357350
2910 6 427236
2911 6 596877
2912 4 398
2913 6 804539
2914 4 877
2915 6 271313
2916 5 415805
2917 5 884261
2918 4 1813
2919 5 236029
2920 4 185
2921 5 321958
2922 4 1365
2923 5 90217
2924 3 211809
2925 4 1928
2926 6 583210
2927 4 223
2928 6 141405
2929 5 861100
2930 4 1585
2931 5 689957
2932 5 792801
2933 4 1639
2934 4 1983
2935 4 1385
2936 3 569081
2937 4 1153
2938 4 1585
2939 4 819
2940 3 1633
2941 6 677786
2942 6 940562
2943 3 942337
2944 3 744587
2945 5 745709
2946 3 863553
2947 6 283821
2948 5 655057
2949 3 499261
2950 5 82641
2951 3 513009
2952 6 88165
2953 4 2496
2954 3 13185
2955 5 209625
2956 5 122329
2957 4 1477
2958 5 960300
2959 4 2392
2960 6 173256
2961 6 815717
2962 5 155841
2963 6 787555
2964 6 913463
2965 3 441153
2966 4 763
2967 4 1857
2968 3 914497
2969 4 560
2970 6 738089
2971 3 295425
2972 6 809621
2973 4 337
2974 3 874457
2975 3 662320
2976 3 990654
2977 3 256001
2978 4 2614
2979 5 675638
2980 6 826595
2981 6 137069
2982 6 126568
2983 4 805
2984 5 595579
2985 3 13889
2986 3 736915
2987 5 932332
2988 5 618321
2989 6 369097
2990 5 927817
2991 5 70029
2992 6 690616
2993 6 169826
2994 4 2379
2995 3 110391
2996 5 225513
2997 4 2451
2998 5 704961
2999 6 830495
3000 6 404513
3001 3 62753
3002 4 1141
3003 5 402753
3004 3 165785
3005 5 803435
3006 4 2449
3007 6 806081
3008 3 550593
3009 5 477261
3010 6 443156
3011 4 15
3012 5 973289
3013 6 249423
3014 6 951919
3015 3 745617
3016 4 405
3017 3 898964
3018 4 1086
3019 3 205729
3020 6 400301
3021 3 315445
3022 4 957
3023 6 260633
3024 6 854565
3025 4 2832
3026 5 618829
3027 4 1337
3028 5 137084
3029 5 566217
3030 5 385123
3031 3 470937
3032 3 295761
3033 5 852549
3034 3 461075
3035 5 719485
3036 6 895261
3037 3 538172
3038 6 82321
3039 5 631143
3040 5 619361
3041 3 406859
3042 4 29
3043 4 1811
3044 5 20929
3045 5 47803
3046 4 2995
3047 6 447914
3048 6 18437
3049 3 338557
3050 6 800952
3051 3 80638
3052 5 803057
3053 4 3017
3054 5 124361
3055 5 393282
3056 3 479193
3057 4 292
3058 5 28615
3059 6 693986
3060 5 43475
3061 4 2641
3062 6 408941
3063 5 975103
3064 5 395645
3065 6 980619
3066 5 82235
3067 4 1192
3068 5 561065
3069 5 968614
3070 6 418493
3071 4 89
3072 6 856371
3073 5 737235
3074 5 779412
3075 4 156
3076 5 107475
3077 4 2951
3078 3 859917
3079 3 212999
3080 6 871449
3081 4 2470
3082 3 817156
3083 3 59601
3084 4 149
3085 4 1512
3086 6 151338
3087 4 800
3088 6 868918
3089 5 632332
3090 6 917783
3091 5 632201
3092 5 884686
3093 4 1769
3094 4 2075
3095 6 106223
3096 6 718497
3097 3 66361
3098 5 435145
3099 4 784
3100 5 350461
3101 5 220487
3102 4 2223
3103 5 107997
3104 5 508421
3105 3 826433
3106 5 687553
3107 4 2290
3108 3 518871
3109 3 471193
3110 5 402628
3111 6 686879
3112 4 1731
3113 6 388089
3114 6 627665
3115 5 937053
3116 5 887417
3117 5 679777
3118 4 130
3119 3 413745
3120 3 679357
3121 3 960697
3122 4 2006
3123 4 2012
3124 5 79901
3125 6 132331
3126 6 153601
3127 5 875395
3128 6 683403
3129 5 84449
3130 3 393985
3131 6 331941
3132 6 791155
3133 6 319361
3134 4 210
3135 4 2505
3136 5 989539
3137 6 773927
3138 6 867079
3139 6 50671
3140 6 134251
3141 4 876
3142 5 993157
3143 3 854449
3144 6 835307
3145 4 2046
3146 6 884683
3147 3 707777
3148 3 292257
3149 3 718937
3150 5 350411
3151 6 577069
3152 4 2932
3153 5 367719
3154 5 965358
3155 5 218581
3156 3 259449
3157 6 102489
3158 4 2224
3159 4 2321
3160 5 602832
3161 3 119761
3162 3 457742
3163 4 2414
3164 4 1125
3165 5 224027
3166 3 732993
3167 3 141845
3168 3 25905
3169 6 918501
3170 4 1985
3171 5 818043
3172 6 164903
3173 6 986277
3174 3 264585
3175 4 1497
3176 4 1224
3177 3 831563
3178 5 650504
3179 3 311105
3180 6 341169
3181 5 817811
3182 5 231857
3183 5 803081
3184 4 3025
3185 5 890197
3186 3 317505
3187 5 745507
3188 4 421
3189 4 3050
3190 5 3247
3191 4 2127
3192 3 518037
3193 3 179721
3194 3 650729
3195 3 692865
3196 5 276649
3197 5 625371
3198 4 2204
3199 4 3107
3200 6 918454
3201 3 9
3202 5 168783
3203 3 599393
3204 6 926805
3205 3 455153
3206 4 987
3207 3 954371
3208 5 343169
3209 5 402996
3210 6 161609
3211 6 549843
3212 3 906056
3213 4 999
3214 4 1886
3215 4 3045
3216 5 742872
3217 5 686351
3218 4 1331
3219 5 296785
3220 4 2038
3221 5 160169
3222 6 978969
3223 3 418170
3224 4 1319
3225 6 561833
3226 3 262721
3227 6 802805
3228 6 335389
3229 6 29427
3230 5 511181
3231 5 108591
3232 3 295761
3233 6 918953
3234 5 404237
3235 3 92547
3236 4 3027
3237 3 557665
3238 3 28223
3239 4 1433
3240 3 631609
3241 3 147009
3242 5 52548
3243 6 817575
3244 5 98057
3245 6 405655
3246 3 673415
3247 5 818122
3248 3 612877
3249 6 962322
3250 5 672026
3251 4 870
3252 6 541569
3253 6 642106
3254 5 911681
3255 4 2923
3256 3 663047
3257 4 1517
3258 5 403617
3259 4 673
3260 5 54943
3261 6 173989
3262 4 238
3263 6 836295
3264 3 57876
3265 3 230829
3266 3 232969
3267 4 1679
3268 6 200273
3269 5 501626
3270 3 702045
3271 5 412211
3272 5 23941
3273 5 272175
3274 3 301039
3275 5 346157
3276 3 326291
3277 3 371913
3278 5 645918
3279 5 178707
3280 3 547315
3281 4 1880
3282 3 686829
3283 3 717088
3284 3 147305
3285 4 1449
3286 5 221303
3287 6 500641
3288 3 147305
3289 5 269217
3290 4 1585
3291 6 329497
3292 3 35425
3293 5 273949
3294 3 322401
3295 4 3103
3296 6 44266
3297 3 443203
3298 4 457
3299 6 641889
3300 6 84109
3301 5 519047
3302 3 611357
3303 5 699352
3304 6 145315
3305 6 62181
3306 5 654373
3307 5 304257
3308 4 2001
3309 6 811609
3310 6 871717
3311 6 564913
3312 4 725
3313 6 991253
3314 5 580618
3315 6 267075
3316 6 809357
3317 3 716033
3318 3 52929
3319 3 265011
3320 4 1625
3321 6 76999
3322 3 640497
3323 5 263059
3324 4 2197
3325 4 1449
3326 4 2413
3327 5 260073
3328 6 541415
3329 4 433
3330 6 180321
3331 3 938113
3332 3 392529
3333 6 500185
3334 5 589113
3335 6 184672
3336 4 3329
3337 3 47133
3338 4 2333
3339 5 988100
3340 5 909509
3341 5 27069
3342 6 159409
3343 3 892553
3344 5 65041
3345 6 788001
3346 3 595169
3347 6 447262
3348 5 753545
3349 5 687355
3350 4 1721
3351 5 798472
3352 3 124429
3353 4 1903
3354 6 316283
3355 4 779
3356 5 440611
3357 4 2698
3358 4 3295
3359 4 1378
3360 4 2485
3361 5 286313
3362 3 344314
3363 5 496881
3364 3 120881
3365 5 446133
3366 3 672997
3367 5 800982
3368 4 1533
3369 6 437788
3370 6 198741
3371 6 198699
3372 4 1987
3373 5 690095
3374 6 146805
3375 6 205717
3376 6 988642
3377 4 745
3378 4 85
3379 4 1137
3380 4 76
3381 6 845679
3382 4 2055
3383 5 256683
3384 5 258089
3385 5 20299
3386 5 502837
3387 3 343294
3388 6 617666
3389 5 461181
3390 5 668897
3391 6 35525
3392 6 365733
3393 6 452281
3394 4 557
3395 4 2923
3396 6 660201
3397 5 582774
3398 5 516083
3399 3 152823
3400 6 40975
3401 5 716215
3402 6 592909
3403 6 54113
3404 5 683326
3405 4 3074
3406 5 651201
3407 4 2369
3408 5 722065
3409 4 2991
3410 5 312059
3411 3 464631
3412 5 996506
3413 6 992551
3414 3 698232
3415 5 851113
3416 4 2769
3417 3 205729
3418 4 3016
3419 5 155153
3420 6 155909
3421 5 629217
3422 6 602885
3423 4 2173
3424 5 954963
3425 3 105097
3426 5 33035
3427 4 1453
3428 3 988545
3429 4 2939
3430 4 2361
3431 5 79609
3432 6 448889
3433 5 372011
3434 4 1379
3435 5 972768
3436 6 381049
3437 4 1203
3438 4 694
3439 3 57949
3440 4 565
3441 3 835366
3442 4 2635
3443 4 1946
3444 3 187283
3445 4 535
3446 6 694717
3447 3 334395
3448 5 305185
3449 3 112721
3450 3 937577
3451 3 251417
3452 4 2869
3453 4 185
3454 6 724999
3455 4 1836
3456 5 59247
3457 6 128127
3458 5 877172
3459 3 757433
3460 3 756417
3461 4 358
3462 6 488628
3463 5 404992
3464 5 367787
3465 5 796152
3466 6 641773
3467 4 2141
3468 5 941882
3469 6 927383
3470 5 132057
3471 3 382397
3472 4 217
3473 4 917
3474 5 573519
3475 6 803447
3476 6 631202
3477 3 109313
3478 3 596037
3479 3 995469
3480 5 241879
3481 5 737187
3482 6 246498
3483 4 3436
3484 4 1845
3485 5 636871
3486 6 252759
3487 4 393
3488 5 19297
3489 5 430832
3490 3 291687
3491 6 39862
3492 4 2980
3493 6 898217
3494 6 80807
3495 5 416133
3496 6 815818
3497 3 930097
3498 4 2262
3499 6 906748
3500 3 942667
3501 3 248689
3502 3 263319
3503 5 393201
3504 3 694881
3505 6 54820
3506 4 318
3507 5 927886
3508 5 639153
3509 5 768109
3510 4 2745
3511 5 99541
3512 5 262033
3513 6 11471
3514 3 702841
3515 6 807971
3516 4 457
3517 5 913586
3518 4 3473
3519 4 2141
3520 5 201765
3521 6 289377
3522 6 466689
3523 3 455429
3524 6 810193
3525 4 1757
3526 4 2157
3527 4 1678
3528 5 123911
3529 4 704
3530 3 903029
3531 6 302026
3532 3 527341
3533 5 707925
3534 3 66361
3535 6 660529
3536 6 252797
3537 6 586303
3538 3 549501
3539 6 551547
3540 4 1113
3541 4 1265
3542 3 673858
3543 3 123337
3544 5 227861
3545 6 158657
3546 6 967741
3547 5 66981
3548 3 370113
3549 5 692817
3550 4 2480
3551 3 998016
3552 6 735785
3553 6 609141
3554 4 2030
3555 6 891017
3556 4 1447
3557 5 958917
3558 4 1771
3559 6 353909
3560 5 931975
3561 5 337390
3562 3 854737
3563 3 744353
3564 6 957239
3565 5 371281
3566 5 347349
3567 5 249098
3568 6 822463
3569 3 588425
3570 5 857481
3571 4 1411
3572 3 246465
3573 3 67713
3574 4 3042
3575 4 3307
3576 4 3349
3577 6 520119
3578 6 24585
3579 4 1415
3580 3 405427
3581 6 12716
3582 4 1119
3583 3 103073
3584 6 682966
3585 5 448338
3586 4 1809
3587 5 199650
3588 4 845
3589 5 374113
3590 4 112
3591 6 262009
3592 6 723697
3593 4 2977
3594 3 978737
3595 6 304777
3596 4 519
3597 5 991981
3598 4 1700
3599 5 225383
3600 5 745081
3601 3 925976
3602 3 171649
3603 6 103249
3604 6 712536
3605 4 1893
3606 6 47168
3607 6 699565
3608 3 322345
3609 4 1241
3610 4 416
3611 3 565885
3612 3 808129
3613 5 448826
3614 5 993564
3615 5 174565
3616 6 679366
3617 5 998929
3618 4 3386
3619 5 53761
3620 3 763745
3621 3 930229
3622 4 2318
3623 6 1875
3624 3 910177
3625 5 736777
3626 3 299718
3627 3 579090
3628 3 763745
3629 3 267521
3630 6 807989
3631 6 921545
3632 4 3376
3633 5 812585
3634 5 692704
3635 6 294975
3636 5 303825
3637 5 284986
3638 3 838619
3639 6 971543
3640 3 559945
3641 4 3152
3642 3 738785
3643 3 680579
3644 3 77227
3645 3 153710
3646 6 765127
3647 4 493
3648 4 269
3649 5 405579
3650 5 308831
3651 5 790521
3652 5 868897
3653 4 1230
3654 4 1669
3655 4 229
3656 3 892553
3657 3 449321
3658 6 216108
3659 3 825921
3660 4 1928
3661 4 2426
3662 4 2183
3663 6 977361
3664 5 937877
3665 3 523842
3666 5 485279
3667 3 596807
3668 6 453263
3669 6 624333
3670 3 997701
3671 5 341852
3672 6 189969
3673 6 349057
3674 6 926449
3675 5 803928
3676 5 789621
3677 6 527041
3678 4 3701
3679 5 115748
3680 3 465833
3681 4 1543
3682 5 619584
3683 4 1467
3684 3 895593
3685 6 255061
3686 4 2901
3687 4 2372
3688 4 2518
3689 5 777801
3690 6 472435
3691 6 650882
3692 6 117489
3693 3 510168
3694 3 889151
3695 5 670085
3696 3 790765
3697 6 900065
3698 4 557
3699 3 817137
3700 6 594295
3701 5 476175
3702 5 392903
3703 5 453241
3704 5 815705
3705 4 405
3706 5 513655
3707 3 394737
3708 6 533373
3709 3 738425
3710 4 2779
3711 5 842465
3712 6 622641
3713 6 704617
3714 4 550
3715 5 758842
3716 3 888985
3717 3 493329
3718 3 163105
3719 3 2905
3720 3 713457
3721 5 918061
3722 4 3050
3723 6 42489
3724 6 564948
3725 5 430676
3726 4 2945
3727 3 709755
3728 6 905197
3729 3 949660
3730 5 276319
3731 6 63821
3732 3 585571
3733 4 3681
3734 6 261935
3735 6 101075
3736 6 780475
3737 6 906702
3738 4 3631
3739 6 852417
3740 4 3549
3741 3 738581
3742 4 1104
3743 4 666
3744 3 989565
3745 4 1029
3746 4 2494
3747 4 752
3748 5 847028
3749 3 520677
3750 4 863
3751 4 1233
3752 4 2881
3753 3 401253
3754 3 811409
3755 6 571887
3756 4 1122
3757 4 1353
3758 5 979391
3759 5 410104
3760 6 738875
3761 4 703
3762 4 2416
3763 4 1052
3764 3 920899
3765 4 2107
3766 5 516067
3767 6 970989
3768 4 1664
3769 5 917225
3770 3 557665
3771 5 535180
3772 3 891673
3773 6 179077
3774 3 614468
3775 4 2137
3776 6 737361
3777 6 220284
3778 3 620993
3779 6 178269
3780 4 609
3781 6 284854
3782 3 97915
3783 4 1185
3784 4 2373
3785 5 829969
3786 4 1436
3787 3 331129
3788 4 1200
3789 4 944
3790 6 51218
3791 5 670608
3792 5 106111
3793 5 830352
3794 4 2185
3795 4 3158
3796 6 52557
3797 5 200417
3798 5 124108
3799 3 908856
3800 4 3549
3801 5 433857
3802 5 431913
3803 6 453647
3804 3 110739
3805 5 163851
3806 3 599853
3807 4 777
3808 4 3012
3809 6 928449
3810 4 673
3811 6 672967
3812 3 932089
3813 5 603211
3814 3 209841
3815 6 109386
3816 3 958745
3817 5 561454
3818 6 95215
3819 4 889
3820 6 235771
3821 3 702045
3822 6 661484
3823 6 529449
3824 6 348771
3825 3 666519
3826 4 2573
3827 5 919155
3828 5 892874
3829 4 1227
3830 6 919063
3831 6 238876
3832 6 293825
3833 5 477989
3834 3 260353
3835 5 996167
3836 5 671601
3837 4 864
3838 6 897703
3839 6 291849
3840 3 596857
3841 5 306270
3842 6 338985
3843 5 134623
3844 5 388345
3845 5 191516
3846 5 814112
3847 5 390065
3848 4 1196
3849 6 239345
3850 6 863737
3851 5 57626
3852 4 857
3853 3 421217
3854 6 903241
3855 4 2911
3856 5 224565
3857 3 789277
3858 5 881363
3859 5 319801
3860 4 1125
3861 5 505776
3862 3 792257
3863 5 474224
3864 3 449206
3865 6 664687
3866 3 675169
3867 5 5849
3868 5 221441
3869 5 429693
3870 3 815505
3871 4 2024
3872 3 287089
3873 4 1933
3874 3 351275
3875 6 652452
3876 3 487297
3877 3 804552
3878 4 2950
3879 6 946641
3880 6 102009
3881 4 1757
3882 4 3855
3883 6 897645
3884 4 895
3885 5 363677
3886 3 362561
3887 6 327618
3888 4 2310
3889 4 1283
3890 3 588161
3891 4 1557
3892 5 527837
3893 3 176329
3894 6 705297
3895 5 484703
3896 6 869317
3897 3 329269
3898 6 676893
3899 6 636679
3900 3 989908
3901 6 185233
3902 4 2637
3903 6 760253
3904 6 147575
3905 4 571
3906 5 576561
3907 5 726691
3908 5 565949
3909 5 112193
3910 3 192237
3911 6 24133
3912 5 787222
3913 4 2781
3914 4 147
3915 4 3101
3916 3 699345
3917 6 535168
3918 5 867069
3919 3 375969
3920 5 554083
3921 6 677086
3922 4 101
3923 4 3457
3924 4 3237
3925 5 880353
3926 5 342475
3927 4 1399
3928 3 735593
