2
291
43 98 7
97 46 100
95 87 94
57 60 22
96 4 51
47 48 16
25 15 20
14 52 37
51 87 23
10 86 26
66 59 88
92 60 20
27 33 77
41 7 17
48 98 74
73 18 12
70 38 10
73 19 37
77 16 93
98 60 8
60 51 73
79 36 19
28 89 15
29 96 50
57 20 34
67 78 45
83 79 73
12 45 45
84 58 64
85 77 28
45 45 65
44 48 100
6 95 64
97 53 2
60 90 53
32 39 21
2 98 5
91 77 18
23 3 83
98 50 78
92 53 96
18 54 56
38 16 39
95 40 37
51 96 9
39 38 64
12 83 81
14 17 75
97 82 75
19 46 80
71 14 43
7 66 20
44 84 79
71 67 17
14 85 76
44 54 61
39 59 60
2 51 37
31 72 71
5 33 91
44 34 41
30 55 25
94 85 81
25 70 48
4 71 28
5 40 39
96 34 38
83 78 14
61 56 100
1 13 23
60 68 58
87 1 94
42 56 33
8 82 74
57 70 75
49 18 15
70 63 14
77 49 85
92 9 60
63 11 52
99 58 40
71 41 91
68 82 15
88 19 43
71 11 56
78 75 60
99 47 8
62 65 86
92 77 28
22 45 42
1 62 62
23 1 19
75 26 74
69 80 86
99 49 10
14 33 49
43 49 76
5 38 91
22 94 17
39 55 1
98 57 84
86 52 6
8 81 85
85 10 76
34 87 41
15 7 98
31 53 89
0 56 55
51 78 42
88 29 32
43 76 12
64 76 52
57 29 6
91 15 71
40 97 44
30 28 77
84 52 40
42 24 1
16 79 14
15 81 61
74 34 71
55 15 49
39 35 61
92 45 42
7 54 91
85 58 100
32 68 72
27 92 43
56 83 9
36 10 19
64 83 11
28 75 95
68 37 88
74 55 37
34 64 31
54 34 72
63 83 83
84 78 55
15 47 24
97 4 78
64 1 40
2 51 15
58 64 76
64 79 62
85 64 61
81 67 26
55 11 22
23 29 74
99 27 54
94 100 59
83 68 24
31 91 100
5 22 73
7 6 31
60 19 37
80 5 79
6 35 12
2 28 92
98 50 52
1 2 73
99 23 52
68 45 94
87 4 39
50 25 62
11 68 57
66 88 2
29 42 62
63 39 5
16 3 66
54 50 3
73 19 96
52 26 45
36 20 5
16 9 43
73 2 17
23 15 91
90 9 97
39 8 47
68 9 93
93 85 57
20 11 73
13 95 27
37 54 5
84 70 99
100 47 11
81 78 1
18 11 30
30 75 35
5 7 9
41 1 86
20 92 40
40 94 38
96 64 63
81 3 77
30 84 9
20 45 31
5 4 4
24 16 60
86 76 42
50 6 31
42 38 47
60 97 28
3 55 59
86 55 54
24 68 24
6 8 27
9 39 38
46 81 0
16 51 67
100 7 44
47 20 33
16 40 97
35 53 59
48 32 96
88 90 20
26 60 44
73 88 77
73 85 98
75 1 24
32 83 49
87 13 24
62 23 5
97 9 44
19 51 82
71 55 10
64 46 87
38 100 64
39 66 87
82 78 27
64 77 32
65 28 23
69 72 17
64 9 85
93 39 13
98 63 71
23 47 26
35 31 56
71 79 3
23 41 5
27 9 88
59 31 58
59 68 51
11 88 4
13 8 78
85 77 87
42 27 7
65 63 88
14 65 70
15 33 1
17 2 71
78 26 84
82 49 40
6 31 70
11 65 52
80 95 78
37 90 8
80 27 32
69 81 33
3 70 17
35 84 17
35 15 35
73 11 87
96 72 41
1 51 47
1 81 24
56 62 45
58 15 95
46 40 33
55 3 53
50 7 59
35 75 60
94 49 80
56 44 16
94 7 58
75 22 41
21 99 74
83 84 80
40 72 26
53 61 62
28 16 11
82 50 28
2 97 83
2 92 53
97 76 32
42 6 47
0 2 91
76 53 60
96 73 7
76 9 29
89 23 0
14 71 31
744
82 71 52
42 67 4
31 96 37
44 98 37
11 86 91
16 67 55
20 73 74
96 99 53
51 11 79
47 35 27
6 70 8
39 65 15
64 94 60
7 23 38
23 2 92
95 9 27
97 37 29
31 82 97
72 60 7
99 7 53
73 69 52
21 3 83
67 3 29
88 55 54
98 91 35
78 53 87
11 98 85
24 22 62
4 93 39
67 94 46
16 1 30
99 90 36
52 17 80
40 79 29
37 0 65
56 7 48
93 84 32
70 64 67
68 2 37
86 21 86
87 99 82
82 29 24
83 53 98
71 57 1
84 63 83
49 50 99
33 69 94
98 41 97
1 92 28
98 30 6
1 76 50
31 47 87
86 74 61
14 83 97
75 26 33
48 68 77
7 54 97
11 83 53
11 91 57
26 28 82
52 71 52
17 98 84
43 43 74
96 94 69
48 79 15
57 97 39
83 76 23
100 89 70
29 56 81
84 96 25
48 87 58
52 98 92
31 4 12
27 51 66
17 46 2
98 72 13
67 77 54
36 26 42
98 26 55
38 76 57
25 50 61
37 73 59
43 62 80
32 39 74
13 12 22
23 74 21
80 16 38
69 74 38
47 98 75
12 10 41
37 76 60
46 59 51
10 47 18
21 27 94
86 97 82
77 9 59
17 9 24
19 77 9
57 81 75
80 22 21
32 77 90
40 56 57
64 36 47
86 67 61
25 67 69
55 97 55
1 43 46
91 62 7
22 10 76
70 31 14
23 84 71
56 85 8
83 24 13
8 23 81
7 73 19
28 8 87
89 44 1
43 11 3
84 57 67
25 67 53
19 34 84
84 30 22
80 88 35
70 97 96
75 83 47
87 74 64
25 44 72
10 73 50
32 7 94
61 0 9
47 56 68
99 50 56
62 99 82
81 8 61
59 95 22
23 38 78
33 49 3
11 9 19
26 41 27
45 59 30
16 63 57
32 26 94
92 56 8
27 27 40
78 19 53
92 66 48
45 21 18
21 43 79
100 80 59
32 54 52
29 78 16
81 32 91
17 57 73
11 46 99
33 36 33
68 88 84
59 53 62
78 72 27
31 7 4
13 71 7
27 19 39
64 43 35
34 83 83
67 16 51
82 64 52
98 41 1
65 13 77
33 66 57
84 34 2
91 34 44
10 22 46
55 24 10
51 29 6
88 74 36
79 53 33
56 68 24
63 84 80
40 0 36
99 79 22
75 40 55
100 42 32
73 37 0
60 51 60
2 56 72
23 9 14
68 68 11
91 50 27
5 47 61
44 16 16
99 78 37
44 17 19
26 77 78
19 87 48
49 82 61
83 76 44
28 22 67
35 89 38
94 95 12
20 7 87
74 25 18
47 68 71
95 38 50
58 66 86
45 31 7
92 15 72
61 41 92
62 82 27
11 56 90
17 63 14
90 8 8
57 17 25
67 56 80
45 84 89
68 90 9
10 59 89
76 86 9
99 53 31
80 0 69
49 37 58
92 95 46
57 24 16
98 5 50
66 58 81
92 48 8
65 56 45
1 53 43
73 40 23
7 33 97
39 14 55
49 67 67
20 61 92
77 26 94
60 24 60
36 24 52
75 98 52
24 28 68
71 40 88
38 16 46
4 94 18
58 92 27
67 82 53
51 65 19
67 16 9
97 5 79
70 50 96
56 76 60
96 92 55
53 52 88
2 81 7
58 6 24
74 22 9
22 84 8
11 12 55
97 33 57
51 43 55
48 91 73
96 68 45
37 6 19
60 20 35
17 72 86
58 94 70
79 74 80
22 77 5
31 29 53
39 16 64
63 84 30
50 77 69
72 35 19
73 54 79
73 24 9
12 3 2
1 3 94
74 72 91
24 78 96
31 11 39
76 9 83
60 44 82
14 91 25
32 42 6
45 87 94
93 53 14
92 18 53
25 0 43
54 35 70
12 34 97
67 7 70
13 15 37
60 62 60
77 9 4
44 81 91
40 54 52
66 92 33
29 31 100
71 62 61
31 90 23
61 5 69
54 75 99
75 49 92
57 45 27
18 16 38
68 32 43
79 35 47
98 59 6
81 62 81
60 7 29
65 52 37
20 85 91
42 41 66
53 41 18
32 31 39
84 52 28
13 78 32
57 26 33
77 27 26
88 1 25
75 54 33
70 70 20
65 66 30
91 17 59
91 52 87
100 66 32
10 23 62
20 67 80
10 68 8
29 29 100
100 44 3
5 9 76
33 17 51
51 44 84
32 38 7
97 19 29
5 89 95
1 4 67
0 67 1
86 77 4
14 78 96
58 31 59
31 2 60
42 59 58
61 53 7
19 47 59
66 98 97
23 93 16
24 41 86
82 9 0
21 48 94
53 45 20
89 62 52
43 9 80
49 81 71
2 41 9
97 99 53
54 4 89
61 28 32
31 79 49
27 78 85
72 43 39
29 19 77
11 84 32
17 69 4
26 100 9
71 4 43
50 47 58
68 90 25
59 60 79
6 82 84
2 97 78
23 86 10
63 76 55
67 42 70
56 91 85
80 57 43
45 25 4
95 16 85
1 35 59
48 57 18
45 9 81
12 75 38
70 73 64
8 19 53
68 87 96
46 10 92
10 49 20
58 87 27
95 53 92
62 66 35
36 69 36
54 37 31
59 42 79
18 7 2
88 52 19
33 85 0
80 79 11
97 92 76
86 83 44
84 75 30
39 77 35
31 70 100
34 98 67
38 59 66
43 28 14
72 76 51
77 28 48
75 19 93
49 29 71
64 4 15
4 11 96
68 18 7
85 87 52
80 41 82
75 53 64
71 4 52
22 79 65
17 42 100
60 46 96
82 29 98
90 98 3
65 29 90
7 46 73
44 58 40
25 29 42
9 18 16
34 21 52
66 6 86
48 58 53
54 84 22
90 44 8
93 71 64
100 54 54
5 6 10
74 66 43
68 17 6
78 82 90
92 76 42
26 65 54
22 71 53
3 74 18
86 68 78
51 71 34
67 6 2
87 18 22
9 87 13
20 98 12
69 31 12
46 55 58
29 54 34
29 56 29
39 74 82
83 43 86
70 16 77
48 72 1
99 32 79
97 66 63
26 23 41
67 50 36
22 4 98
83 24 9
38 24 49
95 76 93
84 50 76
62 9 97
51 43 5
66 41 13
56 8 54
29 33 70
21 74 66
15 96 85
30 61 89
7 89 51
75 77 88
67 33 99
12 51 2
13 15 34
17 64 45
86 96 11
65 39 4
19 5 100
13 99 94
63 68 42
28 4 28
44 11 59
31 48 90
14 83 13
76 73 31
6 4 18
52 82 0
66 52 35
94 56 89
46 43 3
45 92 22
58 100 50
14 86 75
20 50 89
60 97 99
65 55 62
10 39 78
89 38 56
20 30 69
51 100 15
69 45 29
18 35 80
6 70 37
51 50 65
95 26 14
77 46 32
65 73 25
14 22 7
53 2 87
5 85 78
49 96 77
75 52 60
90 9 29
4 83 83
47 65 6
97 5 34
18 59 8
63 43 69
22 50 58
76 41 66
30 96 5
62 77 82
72 26 37
18 20 35
76 88 98
60 54 40
13 72 58
88 0 63
69 17 42
81 90 84
17 81 32
78 20 65
68 45 13
20 61 2
47 34 46
73 47 68
3 26 50
63 90 50
98 22 93
98 63 4
73 62 28
27 49 19
75 39 27
30 89 12
65 59 10
53 41 100
47 87 70
58 100 100
16 8 30
65 71 86
29 91 72
53 55 89
32 96 97
73 39 94
7 97 46
32 13 20
92 91 7
23 51 95
78 66 10
92 42 28
26 2 11
40 66 69
78 76 97
33 9 27
37 63 83
85 73 79
54 69 68
16 95 83
51 67 87
99 37 84
52 98 86
93 63 19
55 38 8
75 28 60
42 57 86
31 1 25
12 90 76
41 23 24
62 53 53
89 48 49
28 34 80
61 3 17
78 78 2
81 30 33
12 96 92
68 18 57
97 45 57
16 69 67
4 91 23
19 18 7
36 99 69
62 50 70
65 39 34
30 66 5
3 37 68
96 84 70
27 21 63
63 85 88
75 67 27
53 27 50
23 1 6
94 7 86
66 91 45
7 11 37
79 6 28
85 55 1
6 56 97
15 44 71
7 57 56
62 23 14
20 26 83
17 83 67
72 76 33
75 16 58
18 5 11
4 70 72
95 81 78
99 92 16
6 43 8
75 58 40
36 65 21
36 28 89
22 0 1
47 15 48
70 90 38
61 68 44
41 15 96
28 55 32
77 22 91
47 36 59
78 26 61
23 79 29
53 79 64
71 28 20
48 18 47
54 25 23
94 65 96
4 58 13
18 62 82
25 57 97
94 48 22
82 95 40
23 33 25
73 26 22
30 39 33
85 21 71
80 39 10
15 66 67
67 91 11
8 86 85
11 76 48
79 60 57
15 45 45
32 44 58
52 95 30
32 46 23
52 45 83
88 7 14
7 94 89
36 32 76
40 74 10
81 53 100
38 75 7
25 11 29
93 6 31
74 23 82
37 62 1
49 19 24
81 25 36
38 37 59
27 28 33
13 68 31
51 95 8
45 20 5
37 95 88
47 65 39
54 20 76
19 85 14
85 66 62
32 32 13
7 59 24
28 5 95
97 29 16
16 86 17
54 27 32
31 28 83
22 2 93
22 54 77
74 26 65
76 33 76
17 22 79
59 5 43
67 90 99
36 77 30
37 76 24
84 23 30
0 74 54
47 42 40
29 48 13
61 41 12
12 66 55
30 40 60
16 17 23
85 55 90
27 79 23
56 82 89
29 80 57
13 15 58
87 77 87
96 62 8
90 92 70
76 20 85
42 50 65
78 72 11
78 15 9
2 36 1
90 24 35
76 44 14
1 22 29
27 35 7
99 13 66
96 38 95
7 27 24
32 2 78
72 35 43
53 43 39
85 49 17
35 94 92
1 43 44
51 6 12
7 37 28
44 48 22
5 92 25
93 85 15
67 50 9
76 45 84
76 36 33
87 83 82
52 17 12
52 38 79
82 49 59
42 55 68
79 6 47
65 67 22
97 16 33
