104029
87808
94199
96709
61083
43895
42842
38008
54782
41806
14361
11319
-3106
-1713
-3709
-7243
8474
-29046
-41257
-44752
-84986
-107610
-139840
-130547
-151355
-197610
-202291
-199542
-216205
-176380
-229346
-190524
-187814
-232306
-225329
-189524
-189878
-233219
-238558
-235007
-245684
-296549
-305568
-307701
-305564
-370605
-299295
-364724
-377702
-374602
-314459
-376529
-312726
-389541
-392754
-385047
-402719
-328117
-329212
-387480
-393013
-406981
-458464
-435034
-443705
-432034
-436153
-427787
-369184
-410550
-343091
-345422
-401554
-353549
-346430
-337723
-300143
-346591
-349952
-346674
-349407
-351959
-350716
-352046
-348442
-347726
-403730
-345462
-329493
-332789
-333642
-327174
-329827
-303116
-312429
-385419
-393545
-413023
-467814
-463645
-383943
-438783
-417608
-331282
-418758
-418183
-390059
-387621
-365212
-363211
-256885
-257786
-320661
-231633
-297230
-237093
-297198
-304561
-310659
-399564
-371346
-371383
-378006
-298113
-378549
-375744
-302392
-303607
-408523
-407849
-410719
-378786
-458346
-450876
-420647
-421878
-462169
-450209
-532164
-446759
-447942
-520984
-531466
-388614
-469389
-502706
-500913
-404978
-482035
-528596
-488966
-493462
-361892
-436592
-440353
-350025
-426034
-437681
-311376
-390244
-390123
-436613
-430848
-384195
-386135
-381397
-293362
-271790
-270785
-264060
-247488
-237793
-334815
-324991
-284492
-284036
-283842
-293782
-308832
-292740
-398515
-398614
-396724
-416760
-416711
-437589
-394271
-504622
-502884
-502933
-654645
-629137
-744344
-633425
-741062
-746050
-875186
-869201
-875787
-896925
-896772
-898174
-1045171
-879410
-860590
-876054
-861540
-856998
-858457
-818671
-825230
-781053
-824134
-818788
-816696
-951827
-927888
-908902
-907405
-897117
-898434
-904275
-895852
-1083369
-1038944
-1057450
-1235663
-1230365
-1237814
-1235438
-1238963
-1237561
-1032194
-1033241
-1222379
-1224289
-1182688
-1178921
-1141260
-1127606
-943146
-1092012
-1290822
-1254331
-1271511
-1423212
-1262866
-1415421
-1413421
-1372333
-1383816
-1377103
-1376583
-1363388
-1360845
-1336792
-1541813
-1330195
-1507381
-1498728
-1498102
-1680788
-1680079
-1671534
-1633812
-1644854
-1643745
-1636770
-1634816
-1637355
-1636393
-1821954
-1820664
-1778827
-1779152
-1821946
-1771707
-1774641
-1741473
-1930507
-1880816
-1886927
-1929873
-1917289
-1918343
-1932678
-1894111
-1891023
-2055759
-1867049
-2039412
-2046678
-2023292
-2022081
-2021132
-1848410
-1853612
-2024796
-1831776
-1835890
-2011969
-1833627
-2020357
-2019750
-1985406
-1985275
-1826678
-1829206
-2012079
-2020255
-2053153
-2010505
-2169225
-2200642
-2182074
-2178049
-2358096
-2348202
-2341062
-2338849
-2166662
-2169677
-2358758
-2358163
-2360495
-2362091
-2353596
-2504658
-2477404
-2344658
-2345306
-2498183
-2498312
-2498695
-2474890
-2348476
-2512576
-2478402
-2479583
-2463448
-2486789
-2473338
-2314930
-2484035
-2483261
-2496918
-2343758
-2509448
-2509831
-2488363
-2351428
-2351753
-2351972
-2517608
-2517229
-2653982
-2620329
-2717727
-2647151
-2645396
-2753490
-2749902
-2742970
-2745620
-2753107
-2723194
-2631646
-2612249
-2585131
-2598709
-2477088
-2460601
-2479062
-2463782
-2460986
-2461924
-2470944
-2476125
-2460584
-2459237
-2439587
-2440946
-2548030
-2548950
-2546044
-2673988
-2663177
-2639057
-2760176
-2771623
-2920344
-2908947
-2905581
-2906642
-2906512
-2912647
-2907038
-3081870
-3068119
-3081412
-3191257
-3169340
-3174124
-3175181
-3176846
-3354340
-3341930
-3343891
-3365397
-3511671
-3510955
-3351877
-3507632
-3505262
-3350886
-3503761
-3499221
-3468842
-3467130
-3463319
-3466740
-3641324
-3639886
-3631866
1
-3757602
-3746864
-3722035
-3579188
-3727307
-3715625
-3716983
-3866778
-3858234
-3835601
-3957743
-3951406
-3950799
-3948482
-3936851
-4065846
-4093285
-4051770
-4094241
-4051268
-4058970
-3837054
-3969576
-3931406
-3929672
-3931495
-3971825
-3933934
-3892415
-3891417
-3865369
-3865538
-3601279
-3782327
-3796148
-3782314
-4001798
-3997489
-4032543
-3996981
-3996360
-4009196
-4235390
-4233262
-3997955
-4223619
-4193486
-3907944
-3858951
-3855049
-3875656
-3872040
-3932331
-4203872
-4202046
-4199067
-4500688
-4516070
-4501921
-4784118
-4829902
-4830614
-5130178
-5114443
-5084899
-5455366
-5438978
-5428344
-5458152
-5443163
-5443057
-5799941
-5881221
-6232118
-6234137
-6231493
-6232319
-5785622
-6135748
-6150859
-6151073
-6140682
-6143369
-6138368
-5794909
-6151146
-6145140
-6137547
-5783063
-6139471
-6157854
-6157127
-6173223
-6267433
-6599746
-6614176
-6703535
-6640482
-6634785
-6636637
-6639720
-6640235
-7047287
-7155302
-7563630
-7038096
-6947283
-6948672
-6944249
-7051180
-7457669
-7458591
-7089453
-7502250
-7502192
-7500782
-8003046
-8008849
-8001786
-8000273
-7987283
-7986030
-7987383
-7999824
-7988106
-7985252
-8471825
-8473257
-8589057
-9085478
-9080864
-9073779
-9687474
-9806390
-9688101
-9802916
-9695142
-9028357
-9538169
-9530235
-9686403
-9575575
-8992446
-9411267
-9413766
-9410148
-9410795
-9414340
-9834928
-9836458
-9840000
-10257079
-10422629
-10691969
-10708850
-11096910
-11094032
-11092714
-11088852
-11109589
-11095151
-11115832
-11109558
-11149581
-11143413
-11181061
-11176357
-11221641
-11216847
-11422858
-11686157
-11735702
-12157441
-12156328
-12359407
-12355315
-12836922
-12835887
-12835862
-12829925
-12406146
-12200243
-12201855
-12201927
-12206726
-12194911
-12293165
-12282917
-12488193
-12624023
-12624725
-12716439
-12645735
-12717160
-12718953
-12719220
-12626446
-12621616
-12623506
-13043805
-13138220
-13134520
-13552616
-13551164
-13629046
-13630461
-13629763
-13629851
-13634536
-13296497
-13716296
-13721206
-13947787
-14131985
-14224107
-14213645
-14215739
-14222333
-14213353
-14430115
-14392096
-14448450
-14201880
-14208499
-14203247
-14284604
-14279964
-14469270
-14527700
-15184016
-14556686
-14555264
-15059328
-15055707
-15053040
-15050927
-15054715
-15057754
-15052607
-15151996
-15143284
-15143612
-15127736
-15228074
-15646507
-15646927
-15741559
-15926081
-15929450
-16119916
-16119895
-16115018
-16019401
-16141278
-16132525
-16132757
-16135003
-16121113
-16404159
-16583644
-16584309
-16575578
-16653494
-16602608
-16582649
-17014248
-17096383
-17090876
-16910570
-17162900
-17241401
-17230995
-16860221
-17038140
-17035120
-16966967
-16780575
-16779320
-16775002
-16774729
-16519703
-16607670
-17282188
-17281488
-17686023
-18364174
-18432369
-19396743
-19802594
-20496178
-20494712
-20547362
-21799560
-22828091
-22881998
-22881487
-22869367
-22927453
-22921814
-22935005
-22974825
-22961754
-22963811
-21637525
-22653657
-22653914
-22643261
-23936218
-23973308
-24278195
-24258985
-23877206
-23878677
-23867927
-24155649
-24160006
-25915096
-25945560
-25942924
-25946779
-25943149
-26232351
-27679898
-27685952
-26182345
-27687485
-27670576
-29464752
-29749720
-29669498
-31546830
-31567965
-31598718
-31564779
-31562405
-31514896
-31503093
-31456417
-31485155
-31438854
-31471353
-32960066
-32956984
-32953861
-32957115
-32949369
-32937882
-34424793
-34366089
-34363329
-34370929
-34354761
-34319201
-34282929
-34294820
-34465766
-35755794
-34542914
-35854550
-35811777
-37340022
-37297455
-37289234
-37283663
-37285909
-37284704
-37582590
-37381541
-37382159
-37266729
-36155798
-37341810
-37257303
-37249291
-37248405
-37252046
-37161421
-37162703
-35753973
-36852558
-36842960
-36832695
-35318809
-36419521
-36424105
-36353110
-35341172
-36443266
-35034739
-35036825
-35057125
-36560252
-36560151
-36559685
-37511532
-37486620
-37406162
-37706948
-38260513
-38202570
-37731608
-37730013
-38292050
-38284072
-37745435
-38302141
-38364230
-38333054
-38333504
-38383326
-37931784
-38488156
-38045581
-38555400
-38588614
-37702695
-38124944
-38076096
-38074277
-37987768
-37972430
-37656597
-36713126
-37661824
-37614676
-38909751
-39141791
-40137834
-40083304
-40079880
-40108644
-39093859
-40092365
-40090812
-40142721
-40063474
-41366222
-41582901
-42887791
-42888203
-42812261
-42784757
-42778697
-44378510
-44602462
-46311270
-46310624
-46386369
-46359253
-46417516
-44684094
-46442007
-46420111
-44754537
-46463459
-46465006
-46437824
-46436444
-46436487
-46436398
-46437734
-46401942
-46402791
-46400616
-48475067
-48703797
-50550965
-50543639
-50512210
-50509742
-52583007
-52635544
-52634259
-52555976
-52599918
-52599094
-52602579
-52573264
-52820137
-54493424
-52515761
-54116232
-51986815
-53712069
-53709178
-53710566
-55312889
-55582311
-55583072
-56630988
-56683995
-55580138
-55301712
-55299258
-55327137
-55299330
-55298788
-55700940
-55421143
-55821521
-55519288
-55498844
-55498737
-56757329
-57064803
-57830535
-57879183
-58969923
-59211605
-59909799
-59909764
-60942350
-60984972
-60988883
-62100101
-62321193
-63024268
-63025822
-64124452
-64148284
-64378365
-65012742
-65012280
-65010250
-65016367
-66175417
-66179391
-66149041
-66391427
-66401748
-67819233
-67055338
-67996005
-66814084
-66592192
-66383022
-66383118
-66819253
-66589160
-66999348
-66785571
-65693980
-67046219
-67046427
-66979618
-65885225
-65884496
-67024732
-65861401
-67277779
-67284397
-67259875
-67335788
-67322081
-66229111
-66227457
-67622097
-67539161
-67535913
-67534467
-67623116
-67622809
-69444807
-69473608
-69701805
-71347395
-69672799
-71347052
-71256939
-69909001
-69739198
-69740519
-69885852
-71721160
-71722469
-71687422
-69423178
-71490856
-71491118
-71505739
-71503439
-71500712
-69670029
-69733703
-69914339
-70013932
-68217579
-69800816
-68223882
-69833167
-69717689
-67814792
-69645677
-69647618
-69638537
-69466397
-67703137
-67703104
-69387690
-69498517
-69492496
-69494333
-67309171
-67125449
-67110653
-67303566
-69047363
-69056827
-68937525
-68937170
-68944288
-68945580
-70884697
-70992543
-72510498
-72509174
-74454001
-74450737
-74606018
-74444326
-74442754
-74413510
-74374137
-74275148
-74253896
-74275934
-74253201
-74245084
-74244221
-74177007
-74148111
-72372592
-74068117
-73952967
-74307228
-76198266
-74404456
-74403727
-76115353
-73721324
-73739836
-76114474
-73813584
-73789730
-76170174
-76139824
-76139281
-75978629
-73802735
-73811269
-75427082
-75358510
-75380061
-75305309
-77013714
-77054792
-75309038
-75062613
-75253364
-74835242
-74804284
-72376907
-74365900
-72623251
-74705853
-74808448
-74790823
-73018499
-74910561
-74969284
-74910073
-74910130
-74753158
-74754234
-75155582
-74963999
-75095887
-75168458
-74939655
-74981755
-75389058
-77154735
-77202177
-77161826
-74509874
-76485132
-76479689
-76561048
-76498784
-76668718
1
-76700086
-76660815
-76663780
-76668410
-78435605
-78173880
-79531593
-78115974
-78116042
-79319326
-79486924
-77529246
-77069260
-76896880
-76889678
-77066602
-77261882
-79056894
-76830216
-78625564
-78217579
-78677898
-80389763
-80399164
-80393612
-80351923
-82322201
-82321733
-84293198
-84115343
-81928039
-84099230
1
-83882544
-86055621
-85842046
-87811914
-87808927
-87808113
-87978030
-87758685
-87976024
-89548834
-89721002
-89538739
1
-89716187
-89540046
-89517387
-91487956
-91653971
-89465987
-91436509
-91042021
-90859793
-90672028
-90845900
-91027735
-91021815
-91278067
-91283519
-91490722
-91498899
-91129736
-91126910
-91130333
-90950806
-90949617
-90953712
-91130089
-91561818
-92902835
-91125573
-91161256
-91152655
-90922748
-90923062
-90904077
-90921866
-89582288
-90889947
-89555819
-90861213
-90445086
-91984189
1
-92209006
-92179682
-91979983
-91977813
-91978120
-91974036
-91986068
-91568433
-91559038
-91366344
-91370730
-91172539
-91155458
3
-91165918
-91165409
-91154595
-91156701
-92688368
-92860147
-92864665
-93032666
-93019413
-93402094
-93245940
-93012246
-93006533
-93003164
-92644439
-92820879
-92621855
-92643858
-92628783
-92438047
-92273065
-92409611
-92579846
-92425694
-92599033
-93084846
-93033141
-92052602
-92597658
-92618928
-91571545
-92546122
-91571520
-91575687
-92348972
-92354461
-92326947
-91945486
-92486631
-92099937
-91807406
-91626165
-91438387
-91607168
-91209488
-90663189
-91473356
-91465745
-91469936
-91447948
-91446362
-91447090
-91446099
-91415253
-91452331
-91729153
1
-91725558
-91726103
-91724914
-91711959
-91948512
-91918376
-91916961
-93629515
-93244441
-93244773
-93698015
-93673927
-93680066
-93494371
-93548248
-93490961
-93166596
-92958584
-92960618
-93152782
-93628777
-93317702
-93313793
-93777616
-93496739
-93956290
-94245813
-94153098
-94255222
-93572793
-93542557
-93543579
-93551538
-93548723
-93767541
-93863152
-93497130
-93501200
-93508745
-93394543
-93395407
-93393304
-93682683
-93678680
-93194246
-93152392
-93151846
-93159585
-92877145
-92858066
-92872142
-92871377
-93339721
-93342039
-93337323
-93064475
-93074945
-93538410
-93540623
-93529765
-94052123
-94015626
-94010947
-94015015
-94008680
-94278827
-94160506
-94276715
-94740583
-94635355
-94753779
-94754178
-95229666
-95447887
-95299142
-95126310
-94842545
-95596327
-95786001
-95779233
-95618134
-95617982
-95606194
-95626866
-95313020
-95327058
-95215252
-95021898
-95021500
-95027351
-95024395
-95035508
-94743527
-96023975
-96547348
-95733415
-95734300
-96256249
-95614785
-95336385
-95721513
-95841633
-95833448
-95819584
-95001403
-92628613
-93910905
-93801311
-93917252
-93928637
-93931886
-93932074
-93942110
-96033468
-96018706
-96032913
-98128755
-98016483
-97744691
-97744493
-95661457
-98030400
-98149009
-98151890
-98152020
-97762690
-98517687
-98516459
-99567135
-99936203
-99923722
-99913456
-99928621
-101913558
-102438309
-102455639
-105639571
-105633974
-105627095
-103417799
-105565865
-105188213
-105174101
-108454990
-108441350
-108774882
-110582247
-110199444
-108714533
-110512306
-110512291
-110121192
-110130163
-109749734
-109638161
-109752729
-109754417
-109758080
-109765326
-112666181
-112261976
-112256211
-112647050
-111601000
-112454940
-112510582
-111668857
-109935597
-110200624
-113039679
-113030983
-112652706
-112547085
-112648702
-109803868
-108688600
-109177618
-109799328
-112898222
-112896093
-112401604
-112397066
-116622270
-116616652
-118001636
-120834939
-120361479
-120232914
-120353424
-119856419
-123688326
-123688347
-124704952
-128678617
-128671170
-128671194
-122488263
-126498638
-126983680
-126510997
-126518208
-126034375
-120666439
-119280429
-119163439
-118790429
-118807548
-119856920
-119917585
-118514737
-118511087
-118034784
-118034799
-117916885
-118640979
-125687662
-125199686
-132234904
-132234259
-132131018
-133300372
-140706100
-132217357
-139261731
-132204893
-139237415
-139234612
-129963465
-136989612
-136881895
-137002300
-136487479
-136476127
-144923790
-144423684
-144319904
-144312977
-143813150
-143821545
-145529931
-145543008
-154018869
-153812554
-153404795
-161861501
-161672172
-161875306
-162258684
-161838205
-161823662
-152956431
-161775475
-162368141
-161872768
-161890601
-161909341
-161908771
-153445476
-162214718
-162121362
-161711301
-161711459
-172250464
-172219020
-172219037
-172219360
-172230152
-182745784
-182741172
-182522770
-182736390
-182729195
-182741423
-182734988
-193262808
-193050054
-182129169
-192653652
-192032167
-192027923
-192006602
-202521327
-202528545
-202524045
-202528566
-202533806
-213047328
-213046339
-214707093
-215095330
-225906617
-225321412
1
-225294811
-225292893
-225293025
-224705887
-224698927
-224668439
-224662909
-224655315
-224680558
-214141777
-222260924
-222269160
-213517413
-221441904
-210832658
-208455187
-208840157
-208840396
-208847544
-210853664
-211188690
-221383207
-221383258
-220759119
-223149329
-230618528
-230619098
-230415915
-230598709
-230584815
-230382863
-230565047
-230564907
-230565411
-230561716
-229984400
-229967521
-242562613
-241979415
-251647978
-251265616
-251236250
-251237112
-261109421
-251232435
-261079484
-260473510
-260487696
-260313080
-262610312
-272900356
-272888934
-272339756
-285290054
-285839914
-285286805
-285262109
-298763796
-300943916
-298210338
-301244561
-298592434
-286328512
-295242766
-282221876
-282225454
-278771123
-281864380
-278765385
-278765961
-278758907
-278523406
-278082315
-278063752
-278483282
-268814318
-278380283
-277727711
-277491735
-264355895
-273475016
-274142358
-261004207
-270687874
-270145981
-261009555
-261005073
-270135970
-270629921
-254017221
-254013242
-253999350
-253990812
-253873859
-256144588
-256144883
-253110195
-253107901
-252356449
-255831886
-255396564
-271895417
-271144593
-284487166
-283758156
-283765344
1
-283497401
-282824766
-282846046
-285900592
-285899231
-286341979
-295473002
-295475258
-294719829
-294714824
-307064825
-306567663
-306567718
-306133344
-303063340
-289274799
-302314864
-302305983
-288523491
-285460701
-285435079
-281958510
-281960690
-281960962
-281957804
-281947591
-281944268
-281943675
-281940005
-281933704
-285419532
-305366984
-305086587
-305085340
-305353522
-305337072
-305337271
-305750206
-305283910
-328739990
-328736515
-328744616
-352189422
-352160828
-351405070
-374874295
-374751368
-375007626
-378467583
-398891312
-398237134
-402029861
-398606553
-398588849
-421336237
-423876095
-442878032
-442243420
-442194537
-442190037
-441297596
-445155334
-463996115
-463977156
-486064041
-486305200
-485424909
-485401773
-485350734
-485690753
-489808677
-486046977
-486048512
-486048739
-507490834
-506868261
-506823175
-506801181
-510036984
-531477755
-531752921
-530864476
-530532791
-530644618
-530645466
-530621212
-530637617
-530638197
-530604018
-530611945
-530503183
-530775043
-556577279
-556516196
-556247244
-556483590
-556218303
-556487061
-560537905
-586833552
-586798609
-585792451
-555393776
-554940135
-585678247
1
-585674796
-555269899
-581077997
-580978072
-580700460
-549219634
-575512271
-575511589
-575504141
-545176867
-571008078
-570990052
-601287044
-604757913
-634803187
-599263635
-629579105
1
-628585784
-628592358
-628559354
-627552265
-657855532
-656842363
-656842266
-661331071
-656843933
-656812907
-655787314
-624956163
-651216594
-650963018
-651090000
-650109357
-624213957
-620108432
-620095838
-619725564
-620095091
-620095419
-620095304
-624120878
-649949319
-623632754
-649468731
-649145447
-648480839
-648406107
-648393205
-644993442
-644255561
-645109377
-644421189
-678464655
-677725058
-677643344
-677700033
-677700902
-681718969
-682096707
-682084712
-677603561
-677583014
-676749043
-676438664
-637155312
-671243826
-671224295
-671219778
-670203261
-709773195
-709768049
-709768147
-708733793
-713156725
-713162713
-751716672
-751765712
-756187712
-790248822
-791203595
-790898818
-790877339
-790876590
-791167008
-795574541
-795573859
-834625036
-796029123
-791542953
-796027229
-791520014
-791520904
-791547642
-835015928
-834668076
-834957789
-834956537
-834971327
-834969988
-834971406
-834958549
-833976204
-833966808
-877375011
-876417495
-877393526
-881273400
-880901415
-929572429
-929448668
-929772165
-929777990
-929778916
-929842287
-930974194
-885985808
-881491696
-881497673
-885979909
-881495299
-881468925
-880273546
-880246460
-885045441
-880356137
-879319379
-879260264
-831709032
-874724548
-874416786
-873547029
-873547170
-825610978
-869512475
-869512681
-868638692
-868640918
-819936413
-863022892
-864146847
-815053721
-858163659
-857118302
-900142060
-898954158
-900108057
-903415137
-903330888
-951249576
-902529594
-945259659
-945258603
-944104420
-943775545
-942697539
-985420900
-986415747
-985290602
-986325146
-990030941
-1033053815
-1033045236
-1033008188
-1031659542
-1031650593
-1031651565
-1031650903
-1030285779
-1030278948
-1024892244
-1023778547
-1023773442
-1023744307
-1022378718
-1022347112
-1022346252
-1022275406
-1069826036
-1068663450
-1069994827
-1070284066
-1070283348
-1069992072
-1117835563
-1116442855
-1116416924
-1116361672
-1116334450
-1169492032
-1167964445
-1221114132
-1221114094
-1220994527
-1221268791
-1221275373
-1274431309
-1279377359
-1274356696
-1274355229
-1274356181
-1274283027
-1277706522
-1325542542
-1325483349
-1325482765
-1325485962
-1277753221
-1325710611
-1325781156
-1325728752
-1325427200
-1325441337
-1323692564
-1323687069
-1325242846
-1325504493
-1325522358
-1378496773
-1381737919
-1376625336
-1378495296
-1378370998
-1378384899
-1378657431
-1378583366
-1378560296
-1381522869
-1439897397
-1439605997
-1439605285
-1439868855
-1381712766
-1440028106
-1441568366
-1381915445
-1440202134
-1440165131
-1438319733
-1501481693
-1501222391
-1501496789
-1501518735
-1501516378
-1438317463
-1443412131
-1438224787
-1436474761
-1441479837
-1441778102
-1436676471
-1436695448
-1373714670
-1373601728
-1430880156
-1429001795
-1428925611
-1486341315
-1484299942
2
-1484278048
-1484153525
-1484493270
-1489500798
-1541605782
-1539405006
-1539311324
-1539291530
-1596501378
-1596379122
-1594135038
-1596265044
-1594191192
-1594245299
-1594169322
-1596366367
-1594359829
-1594282969
-1534752109
1
-1591945950
-1591699236
-1591696876
-1654469727
-1584026116
-16465