-681 682 
WAI!!!3 1365

42241 -63701 21461 
WAI!!!4 130813

-665807 1234387 -686587 118008 
WAI!!!5 3092453

4379761 -9277213 6671533 -1984312 210232 
WAI!!!6 32740951

-14707439 34305227 -29116967 11535788 -2175668 159060 
WAI!!!7 205015603

27442801 -68962861 65955241 -31492582 8069182 -1070322 58542 
WAI!!!8 898165577

-28828799 76941359 -80663539 44083303 -13814218 2524808 -254078 11165 
WAI!!!9 3093310441

15966721 -44806465 50572225 -30669221 11126621 -2514688 352528 -28831 1111 
WAI!!!10 9071313571

-3628799 10628639 -12753575 8409499 -3416929 902054 -157772 18149 -1319 54 
WAI!!!11 23772343751

1 -1 1 -1 1 -1 1 -1 1 -1 1 

37076114525
