 1000000000000000000
  500000000000000000
  333333333333333312
  250000000000000000
  200000000000000000
  166666666666666656
  142857142857142864
  125000000000000000
  111111111111111104
  100000000000000000
   90909090909090912
   83333333333333328
   76923076923076928
   71428571428571432
   66666666666666664
   62500000000000000
   58823529411764704
   55555555555555552
   52631578947368424
   50000000000000000
   47619047619047616
   45454545454545456
   43478260869565216
   41666666666666664
   40000000000000000
   38461538461538464
   37037037037037040
   35714285714285716
   34482758620689656
   33333333333333332
   32258064516129032
   31250000000000000
   30303030303030304
   29411764705882352
   28571428571428572
   27777777777777776
   27027027027027028
   26315789473684212
   25641025641025640
   25000000000000000
   24390243902439024
   23809523809523808
   23255813953488372
   22727272727272728
   22222222222222224
   21739130434782608
   21276595744680852
   20833333333333332
   20408163265306124
   20000000000000000
   19607843137254900
   19230769230769232
   18867924528301888
   18518518518518520
   18181818181818180
   17857142857142858
   17543859649122808
   17241379310344828
   16949152542372882
   16666666666666666
   16393442622950820
   16129032258064516
   15873015873015874
   15625000000000000
   15384615384615384
   15151515151515152
   14925373134328358
   14705882352941176
   14492753623188406
   14285714285714286
   14084507042253522
   13888888888888888
   13698630136986302
   13513513513513514
   13333333333333334
   13157894736842106
   12987012987012988
   12820512820512820
   12658227848101266
   12500000000000000
   12345679012345680
   12195121951219512
   12048192771084338
   11904761904761904
   11764705882352942
   11627906976744186
   11494252873563218
   11363636363636364
   11235955056179776
   11111111111111112
   10989010989010990
   10869565217391304
   10752688172043010
   10638297872340426
   10526315789473684
   10416666666666666
   10309278350515464
   10204081632653062
   10101010101010102
   10000000000000000
    9900990099009900
    9803921568627450
    9708737864077670
    9615384615384616
    9523809523809524
    9433962264150944
    9345794392523364
    9259259259259260
    9174311926605504
    9090909090909090
    9009009009009010
    8928571428571429
    8849557522123894
    8771929824561404
    8695652173913043
    8620689655172414
    8547008547008547
    8474576271186441
    8403361344537815
    8333333333333333
    8264462809917355
    8196721311475410
    8130081300813008
    8064516129032258
    8000000000000000
    7936507936507937
    7874015748031496
    7812500000000000
    7751937984496124
    7692307692307692
    7633587786259542
    7575757575757576
    7518796992481203
    7462686567164179
    7407407407407407
    7352941176470588
    7299270072992701
    7246376811594203
    7194244604316547
    7142857142857143
    7092198581560284
    7042253521126761
    6993006993006993
    6944444444444444
    6896551724137931
    6849315068493151
    6802721088435374
    6756756756756757
    6711409395973154
    6666666666666667
    6622516556291391
    6578947368421053
    6535947712418301
    6493506493506494
    6451612903225806
    6410256410256410
    6369426751592357
    6329113924050633
    6289308176100629
    6250000000000000
    6211180124223602
    6172839506172840
    6134969325153374
    6097560975609756
    6060606060606061
    6024096385542169
    5988023952095808
    5952380952380952
    5917159763313609
    5882352941176471
    5847953216374269
    5813953488372093
    5780346820809249
    5747126436781609
    5714285714285714
    5681818181818182
    5649717514124294
    5617977528089888
    5586592178770950
    5555555555555556
    5524861878453039
    5494505494505495
    5464480874316940
    5434782608695652
    5405405405405405
    5376344086021505
    5347593582887701
    5319148936170213
    5291005291005291
    5263157894736842
    5235602094240838
    5208333333333333
    5181347150259067
    5154639175257732
    5128205128205128
    5102040816326531
    5076142131979695
    5050505050505051
    5025125628140704
    5000000000000000
    4975124378109453
    4950495049504950
    4926108374384236
    4901960784313725
    4878048780487805
    4854368932038835
    4830917874396135
    4807692307692308
    4784688995215311
    4761904761904762
    4739336492890995
    4716981132075472
    4694835680751174
    4672897196261682
    4651162790697674
    4629629629629630
    4608294930875576
    4587155963302752
    4566210045662100
    4545454545454545
    4524886877828054
    4504504504504505
    4484304932735426
    4464285714285714
    4444444444444444
    4424778761061947
    4405286343612335
    4385964912280702
    4366812227074236
    4347826086956522
    4329004329004329
    4310344827586207
    4291845493562232
    4273504273504274
    4255319148936170
    4237288135593220
    4219409282700422
    4201680672268908
    4184100418410042
    4166666666666666
    4149377593360996
    4132231404958678
    4115226337448560
    4098360655737705
    4081632653061224
    4065040650406504
    4048582995951417
    4032258064516129
    4016064257028112
    4000000000000000
    3984063745019920
    3968253968253968
    3952569169960474
    3937007874015748
    3921568627450980
    3906250000000000
    3891050583657588
    3875968992248062
    3861003861003861
    3846153846153846
    3831417624521073
    3816793893129771
    3802281368821293
    3787878787878788
    3773584905660378
    3759398496240602
    3745318352059925
    3731343283582090
    3717472118959108
    3703703703703704
    3690036900369004
    3676470588235294
    3663003663003663
    3649635036496350
    3636363636363636
    3623188405797102
    3610108303249098
    3597122302158274
    3584229390681004
    3571428571428572
    3558718861209964
    3546099290780142
    3533568904593640
    3521126760563380
    3508771929824562
    3496503496503496
    3484320557491289
    3472222222222222
    3460207612456748
    3448275862068966
    3436426116838488
    3424657534246576
    3412969283276450
    3401360544217687
    3389830508474576
    3378378378378378
    3367003367003367
    3355704697986577
    3344481605351170
    3333333333333334
    3322259136212624
    3311258278145696
    3300330033003300
    3289473684210526
    3278688524590164
    3267973856209150
    3257328990228013
    3246753246753247
    3236245954692556
    3225806451612903
    3215434083601286
    3205128205128205
    3194888178913738
    3184713375796178
    3174603174603174
    3164556962025316
    3154574132492114
    3144654088050314
    3134796238244514
    3125000000000000
    3115264797507788
    3105590062111801
    3095975232198142
    3086419753086420
    3076923076923077
    3067484662576687
    3058103975535168
    3048780487804878
    3039513677811550
    3030303030303030
    3021148036253776
    3012048192771084
    3003003003003003
    2994011976047904
    2985074626865672
    2976190476190476
    2967359050445104
    2958579881656804
    2949852507374632
    2941176470588236
    2932551319648094
    2923976608187134
    2915451895043732
    2906976744186046
    2898550724637681
    2890173410404624
    2881844380403458
    2873563218390804
    2865329512893983
    2857142857142857
    2849002849002849
    2840909090909091
    2832861189801700
    2824858757062147
    2816901408450704
    2808988764044944
    2801120448179272
    2793296089385475
    2785515320334262
    2777777777777778
    2770083102493075
    2762430939226520
    2754820936639118
    2747252747252748
    2739726027397260
    2732240437158470
    2724795640326976
    2717391304347826
    2710027100271002
    2702702702702702
    2695417789757412
    2688172043010752
    2680965147453083
    2673796791443850
    2666666666666666
    2659574468085106
    2652519893899204
    2645502645502646
    2638522427440633
    2631578947368421
    2624671916010498
    2617801047120419
    2610966057441254
    2604166666666666
    2597402597402598
    2590673575129534
    2583979328165374
    2577319587628866
    2570694087403599
    2564102564102564
    2557544757033248
    2551020408163266
    2544529262086514
    2538071065989848
    2531645569620253
    2525252525252526
    2518891687657430
    2512562814070352
    2506265664160401
    2500000000000000
    2493765586034912
    2487562189054726
    2481389578163772
    2475247524752475
    2469135802469136
    2463054187192118
    2457002457002457
    2450980392156862
    2444987775061124
    2439024390243902
    2433090024330900
    2427184466019418
    2421307506053269
    2415458937198068
    2409638554216868
    2403846153846154
    2398081534772182
    2392344497607656
    2386634844868735
    2380952380952381
    2375296912114014
    2369668246445498
    2364066193853428
    2358490566037736
    2352941176470588
    2347417840375587
    2341920374707260
    2336448598130841
    2331002331002331
    2325581395348837
    2320185614849188
    2314814814814815
    2309468822170900
    2304147465437788
    2298850574712644
    2293577981651376
    2288329519450801
    2283105022831050
    2277904328018223
    2272727272727272
    2267573696145124
    2262443438914027
    2257336343115124
    2252252252252252
    2247191011235955
    2242152466367713
    2237136465324385
    2232142857142857
    2227171492204900
    2222222222222222
    2217294900221730
    2212389380530974
    2207505518763797
    2202643171806168
    2197802197802198
    2192982456140351
    2188183807439825
    2183406113537118
    2178649237472767
    2173913043478261
    2169197396963124
    2164502164502164
    2159827213822894
    2155172413793104
    2150537634408602
    2145922746781116
    2141327623126338
    2136752136752137
    2132196162046908
    2127659574468085
    2123142250530786
    2118644067796610
    2114164904862579
    2109704641350211
    2105263157894737
    2100840336134454
    2096436058700210
    2092050209205021
    2087682672233820
    2083333333333333
    2079002079002079
    2074688796680498
    2070393374741201
    2066115702479339
    2061855670103093
    2057613168724280
    2053388090349076
    2049180327868852
    2044989775051125
    2040816326530612
    2036659877800407
    2032520325203252
    2028397565922921
    2024291497975708
    2020202020202020
    2016129032258064
    2012072434607646
    2008032128514056
    2004008016032064
    2000000000000000
    1996007984031936
    1992031872509960
    1988071570576541
    1984126984126984
    1980198019801980
    1976284584980237
    1972386587771203
    1968503937007874
    1964636542239686
    1960784313725490
    1956947162426614
    1953125000000000
    1949317738791423
    1945525291828794
    1941747572815534
    1937984496124031
    1934235976789168
    1930501930501930
    1926782273603083
    1923076923076923
    1919385796545106
    1915708812260536
    1912045889101338
    1908396946564886
    1904761904761905
    1901140684410646
    1897533206831120
    1893939393939394
    1890359168241966
    1886792452830189
    1883239171374764
    1879699248120301
    1876172607879925
    1872659176029962
    1869158878504673
    1865671641791045
    1862197392923650
    1858736059479554
    1855287569573284
    1851851851851852
    1848428835489834
    1845018450184502
    1841620626151013
    1838235294117647
    1834862385321101
    1831501831501832
    1828153564899452
    1824817518248175
    1821493624772313
    1818181818181818
    1814882032667876
    1811594202898551
    1808318264014466
    1805054151624549
    1801801801801802
    1798561151079137
    1795332136445242
    1792114695340502
    1788908765652952
    1785714285714286
    1782531194295900
    1779359430604982
    1776198934280640
    1773049645390071
    1769911504424779
    1766784452296820
    1763668430335097
    1760563380281690
    1757469244288225
    1754385964912281
    1751313485113836
    1748251748251748
    1745200698080279
    1742160278745644
    1739130434782609
    1736111111111111
    1733102253032929
    1730103806228374
    1727115716753022
    1724137931034483
    1721170395869191
    1718213058419244
    1715265866209262
    1712328767123288
    1709401709401710
    1706484641638225
    1703577512776831
    1700680272108844
    1697792869269949
    1694915254237288
    1692047377326565
    1689189189189189
    1686340640809444
    1683501683501684
    1680672268907563
    1677852348993288
    1675041876046901
    1672240802675585
    1669449081803005
    1666666666666667
    1663893510815308
    1661129568106312
    1658374792703151
    1655629139072848
    1652892561983471
    1650165016501650
    1647446457990115
    1644736842105263
    1642036124794746
    1639344262295082
    1636661211129296
    1633986928104575
    1631321370309951
    1628664495114006
    1626016260162602
    1623376623376624
    1620745542949757
    1618122977346278
    1615508885298869
    1612903225806452
    1610305958132045
    1607717041800643
    1605136436597111
    1602564102564102
    1600000000000000
    1597444089456869
    1594896331738437
    1592356687898089
    1589825119236884
    1587301587301587
    1584786053882726
    1582278481012658
    1579778830963665
    1577287066246057
    1574803149606299
    1572327044025157
    1569858712715856
    1567398119122257
    1564945226917058
    1562500000000000
    1560062402496100
    1557632398753894
    1555209953343702
    1552795031055900
    1550387596899225
    1547987616099071
    1545595054095827
    1543209876543210
    1540832049306626
    1538461538461538
    1536098310291859
    1533742331288344
    1531393568147014
    1529051987767584
    1526717557251908
    1524390243902439
    1522070015220700
    1519756838905775
    1517450682852807
    1515151515151515
    1512859304084720
    1510574018126888
    1508295625942685
    1506024096385542
    1503759398496240
    1501501501501502
    1499250374812594
    1497005988023952
    1494768310911809
    1492537313432836
    1490312965722802
    1488095238095238
    1485884101040119
    1483679525222552
    1481481481481482
    1479289940828402
    1477104874446086
    1474926253687316
    1472754050073638
    1470588235294118
    1468428781204112
    1466275659824047
    1464128843338214
    1461988304093567
    1459854014598540
    1457725947521866
    1455604075691412
    1453488372093023
    1451378809869376
    1449275362318840
    1447178002894356
    1445086705202312
    1443001443001443
    1440922190201729
    1438848920863309
    1436781609195402
    1434720229555237
    1432664756446992
    1430615164520744
    1428571428571428
    1426533523537803
    1424501424501424
    1422475106685633
    1420454545454546
    1418439716312057
    1416430594900850
    1414427157001414
    1412429378531074
    1410437235543018
    1408450704225352
    1406469760900141
    1404494382022472
    1402524544179523
    1400560224089636
    1398601398601398
    1396648044692738
    1394700139470014
    1392757660167131
    1390820584144645
    1388888888888889
    1386962552011096
    1385041551246538
    1383125864453665
    1381215469613260
    1379310344827586
    1377410468319559
    1375515818431912
    1373626373626374
    1371742112482853
    1369863013698630
    1367989056087551
    1366120218579235
    1364256480218281
    1362397820163488
    1360544217687075
    1358695652173913
    1356852103120760
    1355013550135501
    1353179972936400
    1351351351351351
    1349527665317139
    1347708894878706
    1345895020188425
    1344086021505376
    1342281879194631
    1340482573726542
    1338688085676038
    1336898395721925
    1335113484646195
    1333333333333333
    1331557922769640
    1329787234042553
    1328021248339974
    1326259946949602
    1324503311258278
    1322751322751323
    1321003963011889
    1319261213720316
    1317523056653492
    1315789473684210
    1314060446780552
    1312335958005249
    1310615989515072
    1308900523560210
    1307189542483660
    1305483028720627
    1303780964797914
    1302083333333333
    1300390117035110
    1298701298701299
    1297016861219196
    1295336787564767
    1293661060802070
    1291989664082687
    1290322580645161
    1288659793814433
    1287001287001287
    1285347043701800
    1283697047496791
    1282051282051282
    1280409731113956
    1278772378516624
    1277139208173691
    1275510204081633
    1273885350318471
    1272264631043257
    1270648030495553
    1269035532994924
    1267427122940431
    1265822784810126
    1264222503160556
    1262626262626263
    1261034047919294
    1259445843828715
    1257861635220126
    1256281407035176
    1254705144291092
    1253132832080200
    1251564455569462
    1250000000000000
    1248439450686642
    1246882793017456
    1245330012453300
    1243781094527363
    1242236024844720
    1240694789081886
    1239157372986369
    1237623762376238
    1236093943139678
    1234567901234568
    1233045622688040
    1231527093596059
    1230012300123001
    1228501228501228
    1226993865030675
    1225490196078431
    1223990208078335
    1222493887530562
    1221001221001221
    1219512195121951
    1218026796589525
    1216545012165450
    1215066828675577
    1213592233009709
    1212121212121212
    1210653753026634
    1209189842805320
    1207729468599034
    1206272617611580
    1204819277108434
    1203369434416366
    1201923076923077
    1200480192076831
    1199040767386091
    1197604790419162
    1196172248803828
    1194743130227001
    1193317422434368
    1191895113230036
    1190476190476190
    1189060642092747
    1187648456057007
    1186239620403322
    1184834123222749
    1183431952662722
    1182033096926714
    1180637544273908
    1179245283018868
    1177856301531213
    1176470588235294
    1175088131609871
    1173708920187794
    1172332942555686
    1170960187353630
    1169590643274854
    1168224299065420
    1166861143523921
    1165501165501166
    1164144353899884
    1162790697674418
    1161440185830430
    1160092807424594
    1158748551564310
    1157407407407408
    1156069364161850
    1154734411085450
    1153402537485582
    1152073732718894
    1150747986191024
    1149425287356322
    1148105625717566
    1146788990825688
    1145475372279496
    1144164759725400
    1142857142857143
    1141552511415525
    1140250855188142
    1138952164009112
    1137656427758817
    1136363636363636
    1135073779795687
    1133786848072562
    1132502831257078
    1131221719457014
    1129943502824859
    1128668171557562
    1127395715896280
    1126126126126126
    1124859392575928
    1123595505617978
    1122334455667789
    1121076233183856
    1119820828667413
    1118568232662192
    1117318435754190
    1116071428571429
    1114827201783724
    1113585746102450
    1112347052280312
    1111111111111111
    1109877913429523
    1108647450110865
    1107419712070875
    1106194690265487
    1104972375690608
    1103752759381898
    1102535832414554
    1101321585903084
    1100110011001100
    1098901098901099
    1097694840834248
    1096491228070176
    1095290251916758
    1094091903719912
    1092896174863388
    1091703056768559
    1090512540894220
    1089324618736384
    1088139281828074
    1086956521739130
    1085776330076004
    1084598698481562
    1083423618634886
    1082251082251082
    1081081081081081
    1079913606911447
    1078748651564186
    1077586206896552
    1076426264800861
    1075268817204301
    1074113856068743
    1072961373390558
    1071811361200429
    1070663811563169
    1069518716577540
    1068376068376068
    1067235859124867
    1066098081023454
    1064962726304579
    1063829787234042
    1062699256110521
    1061571125265393
    1060445387062566
    1059322033898305
    1058201058201058
    1057082452431290
    1055966209081309
    1054852320675106
    1053740779768177
    1052631578947368
    1051524710830704
    1050420168067227
    1049317943336831
    1048218029350105
    1047120418848168
    1046025104602510
    1044932079414838
    1043841336116910
    1042752867570386
    1041666666666667
    1040582726326743
    1039501039501040
    1038421599169263
    1037344398340249
    1036269430051814
    1035196687370600
    1034126163391934
    1033057851239669
    1031991744066048
    1030927835051546
    1029866117404737
    1028806584362140
    1027749229188078
    1026694045174538
    1025641025641026
    1024590163934426
    1023541453428864
    1022494887525562
    1021450459652707
    1020408163265306
    1019367991845056
    1018329938900204
    1017293997965412
    1016260162601626
    1015228426395939
    1014198782961460
    1013171225937183
    1012145748987854
    1011122345803842
    1010101010101010
    1009081735620585
    1008064516129032
    1007049345417926
    1006036217303823
    1005025125628141
    1004016064257028
    1003009027081244
    1002004008016032
    1001001001001001
    1000000000000000
