NOWW!!!3
1 2
NOWW!!!5
1 3
NOWW!!!7
1 4
NOWW!!!9
1 5
4 2
7 2
NOWW!!!11
1 6
NOWW!!!13
1 7
NOWW!!!15
1 8
4 2
6 3
7 2
10 2
11 3
13 2
NOWW!!!17
1 9
NOWW!!!19
1 10
NOWW!!!21
1 11
4 2
7 2
8 4
10 2
13 2
15 4
16 2
19 2
NOWW!!!23
1 12
NOWW!!!25
1 13
6 3
11 3
16 3
21 3
NOWW!!!27
1 14
4 2
7 2
10 5
13 2
16 2
19 5
22 2
25 2
NOWW!!!29
1 15
NOWW!!!31
1 16
NOWW!!!33
1 17
4 2
7 2
10 2
12 6
13 2
16 2
19 2
22 2
23 6
25 2
28 2
31 2
NOWW!!!35
1 18
6 3
8 4
11 3
15 4
16 3
21 3
22 4
26 3
29 4
31 3
NOWW!!!37
1 19
NOWW!!!39
1 20
4 2
7 2
10 2
13 2
14 7
16 2
19 2
22 2
25 2
27 7
28 2
31 2
34 2
37 2
NOWW!!!41
1 21
NOWW!!!43
1 22
NOWW!!!45
1 23
4 2
6 3
7 2
10 5
11 3
13 2
16 8
19 5
21 3
22 2
25 2
26 3
28 5
31 8
34 2
36 3
37 5
40 2
41 3
43 2
NOWW!!!47
1 24
NOWW!!!49
1 25
8 4
15 4
22 4
29 4
36 4
43 4
NOWW!!!51
1 26
4 2
7 2
10 2
13 2
16 2
18 9
19 2
22 2
25 2
28 2
31 2
34 2
35 9
37 2
40 2
43 2
46 2
49 2
NOWW!!!53
1 27
NOWW!!!55
1 28
6 3
11 3
12 6
16 3
21 3
23 6
26 3
31 3
34 6
36 3
41 3
45 6
46 3
51 3
NOWW!!!57
1 29
4 2
7 2
10 2
13 2
16 2
19 2
20 10
22 2
25 2
28 2
31 2
34 2
37 2
39 10
40 2
43 2
46 2
49 2
52 2
55 2
NOWW!!!59
1 30
NOWW!!!61
1 31
NOWW!!!63
1 32
4 2
7 2
8 4
10 5
13 2
15 4
16 2
19 5
22 11
25 2
28 5
29 4
31 2
34 2
36 4
37 5
40 2
43 11
46 5
49 2
50 4
52 2
55 5
57 4
58 2
61 2
NOWW!!!65
1 33
6 3
11 3
14 7
16 3
21 3
26 3
27 7
31 3
36 3
40 7
41 3
46 3
51 3
53 7
56 3
61 3
NOWW!!!67
1 34
NOWW!!!69
1 35
4 2
7 2
10 2
13 2
16 2
19 2
22 2
24 12
25 2
28 2
31 2
34 2
37 2
40 2
43 2
46 2
47 12
49 2
52 2
55 2
58 2
61 2
64 2
67 2
NOWW!!!71
1 36
NOWW!!!73
1 37
NOWW!!!75
1 38
4 2
6 3
7 2
10 2
11 3
13 2
16 8
19 2
21 3
22 2
25 2
26 13
28 2
31 8
34 2
36 3
37 2
40 2
41 3
43 2
46 8
49 2
51 13
52 2
55 2
56 3
58 2
61 8
64 2
66 3
67 2
70 2
71 3
73 2
NOWW!!!77
1 39
8 4
12 6
15 4
22 4
23 6
29 4
34 6
36 4
43 4
45 6
50 4
56 6
57 4
64 4
67 6
71 4
NOWW!!!79
1 40
NOWW!!!81
1 41
4 2
7 2
10 5
13 2
16 2
19 5
22 2
25 2
28 14
31 2
34 2
37 5
40 2
43 2
46 5
49 2
52 2
55 14
58 2
61 2
64 5
67 2
70 2
73 5
76 2
79 2
NOWW!!!83
1 42
NOWW!!!85
1 43
6 3
11 3
16 3
18 9
21 3
26 3
31 3
35 9
36 3
41 3
46 3
51 3
52 9
56 3
61 3
66 3
69 9
71 3
76 3
81 3
NOWW!!!87
1 44
4 2
7 2
10 2
13 2
16 2
19 2
22 2
25 2
28 2
30 15
31 2
34 2
37 2
40 2
43 2
46 2
49 2
52 2
55 2
58 2
59 15
61 2
64 2
67 2
70 2
73 2
76 2
79 2
82 2
85 2
NOWW!!!89
1 45
NOWW!!!91
1 46
8 4
14 7
15 4
22 4
27 7
29 4
36 4
40 7
43 4
50 4
53 7
57 4
64 4
66 7
71 4
78 4
79 7
85 4
NOWW!!!93
1 47
4 2
7 2
10 2
13 2
16 2
19 2
22 2
25 2
28 2
31 2
32 16
34 2
37 2
40 2
43 2
46 2
49 2
52 2
55 2
58 2
61 2
63 16
64 2
67 2
70 2
73 2
76 2
79 2
82 2
85 2
88 2
91 2
NOWW!!!95
1 48
6 3
11 3
16 3
20 10
21 3
26 3
31 3
36 3
39 10
41 3
46 3
51 3
56 3
58 10
61 3
66 3
71 3
76 3
77 10
81 3
86 3
91 3
NOWW!!!97
1 49
NOWW!!!99
1 50
4 2
7 2
10 5
12 6
13 2
16 2
19 5
22 2
23 6
25 2
28 5
31 2
34 17
37 5
40 2
43 2
45 6
46 5
49 2
52 2
55 5
56 6
58 2
61 2
64 5
67 17
70 2
73 5
76 2
78 6
79 2
82 5
85 2
88 2
89 6
91 5
94 2
97 2
NOWW!!!101
1 51
