1
63
1 2 530660904
2 3 510190360
2 4 993329818
3 5 678838583
2 6 853935286
6 7 683583775
6 8 287508030
7 9 926108946
7 10 747913658
10 11 255536878
11 12 412761797
11 13 970416506
11 14 538367140
3 15 148054011
15 16 954406683
12 17 253240706
17 18 804973055
18 19 397798283
19 20 531742513
10 21 20367820
21 22 857777188
22 23 476003307
21 24 157938036
21 25 697145413
9 26 794720052
26 27 467212791
27 28 391523272
26 29 307531884
12 30 867108248
30 31 700923264
31 32 913404309
32 33 120760856
33 34 491123817
34 35 88386440
21 36 608528609
36 37 638533641
36 38 992137995
38 39 371642949
20 40 986944168
40 41 615794028
41 42 200781857
42 43 163802091
43 44 123688005
30 45 799290535
45 46 31675227
45 47 640994546
46 48 6818486
12 49 18782521
49 50 873915929
49 51 992141877
50 52 104922522
11 53 437760819
53 54 496914821
53 55 436491376
55 56 454311179
55 57 776082846
57 58 321817907
58 59 207985001
56 60 148948114
57 61 461103480
58 62 353854659
62 63 591702933
179
1 26 2770098010
1 20 3037023105
1 2 1049269017
1 19 2505280453
1 37 2316698343
1 54 1983944137
1 11 1049268723
1 59 3229406860
1 35 3363867251
1 47 1690263576
1 37 2316698835
1 43 5004345795
1 46 1049269026
1 44 5128033747
1 33 2784356984
1 53 1487029534
1 24 1227574443
1 24 1227574032
1 55 1923521285
1 2 1049269068
1 29 3077629267
1 33 2784356745
1 17 1302508942
1 40 4023967122
1 12 1049268165
1 47 1690262733
1 36 1678165190
1 23 2403417287
1 27 3237310897
1 7 1049268940
1 28 3628833626
1 12 1049269004
1 37 2316699194
1 17 1302509218
1 41 4639761616
1 31 1750191466
1 47 1690263253
1 19 2505280923
1 9 1975377390
1 24 1227574780
1 28 3628833655
1 56 2377832027
1 32 2663595786
1 10 1049269012
1 35 3363867341
1 18 2107482630
1 38 2670303440
1 44 5128032932
1 21 1069636180
1 61 3160706987
1 24 1227574908
1 56 2377831738
1 46 1049268144
1 41 4639761005
1 42 4840543355
1 44 5128032932
1 52 2046889532
1 62 3375275896
1 32 2663595865
1 31 1750192385
1 63 3966978867
1 50 1941967452
1 30 1049268376
1 21 1069636322
1 43 5004345042
1 42 4840543274
1 11 1049268129
1 24 1227574329
1 57 2699603868
1 59 3229406894
1 7 1049268252
1 58 3021421413
1 61 3160707007
1 3 1559458986
1 62 3375276271
1 45 1049268504
1 12 1049268688
1 49 1068051193
1 49 1068051602
1 62 3375276653
1 10 1049268129
1 34 3275481207
1 29 3077629930
1 6 1049268480
1 23 2403417004
1 48 1056086972
1 54 1983944410
1 36 1678165114
1 18 2107482064
1 23 2403416629
1 30 1049268207
1 33 2784357185
1 49 1068050830
1 55 1923521014
1 30 1049268882
1 34 3275481109
1 11 1049269060
1 43 5004345393
1 40 4023967317
1 57 2699603774
1 20 3037023541
1 19 2505280444
1 19 2505280659
1 23 2403417177
1 3 1559458562
1 21 1069636652
1 4 2042598898
1 39 3041946492
1 29 3077629862
1 12 1049268380
1 38 2670303489
1 52 2046889623
1 44 5128033401
1 25 1766781863
1 18 2107482414
1 53 1487029119
1 21 1069636155
1 12 1049268834
1 36 1678164577
1 19 2505280553
1 27 3237310738
1 41 4639761714
1 38 2670303281
1 27 3237310897
1 49 1068050914
1 19 2505281085
1 5 2238297390
1 56 2377832495
1 57 2699603756
1 28 3628833952
1 57 2699603698
1 35 3363867099
1 25 1766781434
1 54 1983944266
1 10 1049268326
1 20 3037023302
1 29 3077629453
1 23 2403416496
1 30 1049268699
1 33 2784356854
1 48 1056087216
1 42 4840542924
1 56 2377831941
1 23 2403417078
1 51 2060193385
1 17 1302509684
1 26 2770097425
1 17 1302509452
1 50 1941967286
1 13 2019685264
1 30 1049268387
1 32 2663596582
1 53 1487029192
1 9 1975377251
1 13 2019684992
1 38 2670303322
1 7 1049268788
1 4 2042598261
1 48 1056087362
1 38 2670302930
1 17 1302509315
1 8 1336776579
1 11 1049268876
1 30 1049268668
1 26 2770098089
1 62 3375276210
1 57 2699603809
1 59 3229406109
1 46 0
1 56 2377832307
1 40 4023967269
1 12 1049268686
1 31 1750191952
1 23 2403417281
1 5 2238297175
1 27 3237310489
1 62 3375276271
1 21 1069636528
1 62 3375276377

