3
5 3
3 1001 1002 1003
4 1004 1005 1006 1007
3
MagicGirl!!! 3
Sister's_noise 2
NexusHD+NexusHD 1
Edward EKaDiYaKanWen M 5 3
1001 1003 1005 1007 1009
1800 1800 1800
FScarlet MagicGirl!!! F 3 5
1004 1005 1007
1300 1400 1500 1600 1700
A NexusHD+NexusHD M 0 0


a NexusHD+NexusHD M 0 0


IamMM Sister's_noise M 15 1
1001 1002 1003 1004 1005 1006 1007 1008 1009 1010 1011 1012 1013 1014 1015
3000

5 3
3 1001 1002 1003
4 1004 1005 1006 1007
3
MagicGirl!!! 3
Sister's_noise 2
NexusHD+NexusHD 1
Edward EKaDiYaKanWen M 5 3
1001 1003 1005 1007 1009
1800 1800 1800
FScarlet MagicGirl!!! F 3 5
1004 1005 1007
1300 1400 1500 1600 1700
A NexusHD+NexusHD M 0 0


B None F 0 0


IamMM Sister's_noise M 15 1
1001 1002 1003 1004 1005 1006 1007 1008 1009 1010 1011 1012 1013 1014 1015
3000

5 3
3 1001 1002 1003
4 1004 1005 1006 1007
3
MagicGirl!!! 3
Sister's_noise 2
NexusHD+NexusHD 1
Edward EKaDiYaKanWen M 5 3
1001 1003 1005 1007 1009
1800 1800 1800
FScarlet MagicGirl!!! F 3 5
1004 1005 1007
1300 1400 1500 1600 1700
A NexusHD+NexusHD M 0 0


B None F 0 0


IamMM Sister's_noise M 15 1
1001 1002 1003 1004 1005 1006 1007 1008 1009 1010 1011 1012 1013 1014 1015
3000

