200
3 11
5 21
7 31
9 41
11 51
13 61
15 71
17 81
19 91
21 101
23 111
25 121
27 131
29 141
31 151
33 161
35 171
37 181
39 191
41 201
43 211
45 221
47 231
49 241
51 251
53 261
55 271
57 281
59 291
61 301
63 311
65 321
67 331
69 341
71 351
73 361
75 371
77 381
79 391
81 401
83 411
85 421
87 431
89 441
91 451
93 461
95 471
97 481
99 491
101 501
103 511
105 521
107 531
109 541
111 551
113 561
115 571
117 581
119 591
121 601
123 611
125 621
127 631
129 641
131 651
133 661
135 671
137 681
139 691
141 701
143 711
145 721
147 731
149 741
151 751
153 761
155 771
157 781
159 791
161 801
163 811
165 821
167 831
169 841
171 851
173 861
175 871
177 881
179 891
181 901
183 911
185 921
187 931
189 941
191 951
193 961
195 971
197 981
199 991
201 1001
203 1011
205 1021
207 1031
209 1041
211 1051
213 1061
215 1071
217 1081
219 1091
221 1101
223 1111
225 1121
227 1131
229 1141
231 1151
233 1161
235 1171
237 1181
239 1191
241 1201
243 1211
245 1221
247 1231
249 1241
251 1251
253 1261
255 1271
257 1281
259 1291
261 1301
263 1311
265 1321
267 1331
269 1341
271 1351
273 1361
275 1371
277 1381
279 1391
281 1401
283 1411
285 1421
287 1431
289 1441
291 1451
293 1461
295 1471
297 1481
299 1491
301 1501
303 1511
305 1521
307 1531
309 1541
311 1551
313 1561
315 1571
317 1581
319 1591
321 1601
323 1611
325 1621
327 1631
329 1641
331 1651
333 1661
335 1671
337 1681
339 1691
341 1701
343 1711
345 1721
347 1731
349 1741
351 1751
353 1761
355 1771
357 1781
359 1791
361 1801
363 1811
365 1821
367 1831
369 1841
371 1851
373 1861
375 1871
377 1881
379 1891
381 1901
383 1911
385 1921
387 1931
389 1941
391 1951
393 1961
395 1971
397 1981
399 1991
401 2001
200
184 10000
87 10000
178 10000
116 10000
194 10000
136 10000
187 10000
93 10000
50 10000
22 10000
163 10000
28 10000
91 10000
60 10000
164 10000
127 10000
141 10000
27 10000
173 10000
137 10000
12 10000
169 10000
168 10000
30 10000
183 10000
131 10000
63 10000
124 10000
68 10000
136 10000
130 10000
3 10000
23 10000
59 10000
70 10000
168 10000
194 10000
57 10000
12 10000
43 10000
30 10000
174 10000
22 10000
120 10000
185 10000
138 10000
199 10000
125 10000
116 10000
171 10000
14 10000
127 10000
92 10000
181 10000
157 10000
74 10000
63 10000
171 10000
197 10000
82 10000
106 10000
126 10000
85 10000
128 10000
137 10000
106 10000
47 10000
130 10000
114 10000
58 10000
125 10000
96 10000
183 10000
146 10000
15 10000
168 10000
35 10000
165 10000
44 10000
151 10000
88 10000
9 10000
77 10000
179 10000
189 10000
185 10000
4 10000
52 10000
155 10000
200 10000
133 10000
61 10000
77 10000
169 10000
140 10000
13 10000
27 10000
187 10000
95 10000
140 10000
196 10000
171 10000
35 10000
179 10000
68 10000
2 10000
98 10000
103 10000
118 10000
93 10000
53 10000
157 10000
102 10000
81 10000
87 10000
42 10000
66 10000
90 10000
45 10000
20 10000
41 10000
130 10000
32 10000
118 10000
98 10000
172 10000
82 10000
76 10000
110 10000
128 10000
168 10000
57 10000
98 10000
154 10000
187 10000
166 10000
107 10000
84 10000
20 10000
25 10000
129 10000
72 10000
133 10000
30 10000
104 10000
20 10000
71 10000
169 10000
109 10000
116 10000
141 10000
150 10000
197 10000
124 10000
19 10000
46 10000
47 10000
52 10000
122 10000
156 10000
180 10000
89 10000
165 10000
29 10000
42 10000
151 10000
194 10000
101 10000
35 10000
165 10000
125 10000
115 10000
188 10000
57 10000
144 10000
92 10000
28 10000
166 10000
60 10000
137 10000
33 10000
152 10000
38 10000
29 10000
76 10000
8 10000
75 10000
122 10000
59 10000
196 10000
30 10000
38 10000
36 10000
194 10000
19 10000
29 10000
144 10000
12 10000
129 10000
130 10000
