850662203
850662203
99111902
99111902
361436273
361436273
768606923
768606923
438592901
438592901
482868517
482868517
613613522
613613522
283164539
283164539
321494746
321494746
652682813
652682813
615042601
615042601
513274594
513274594
514679861
514679861
349412808
349412808
117887076
117887076
781901272
781901272
479756089
479756089
377878083
377878083
638851101
638851101
223640425
223640425
792271319
792271319
32674561
32674561
455100371
455100371
645296326
645296326
223882086
223882086
756635564
756635564
68148317
68148317
714958220
714958220
788225861
788225861
226815730
226815730
393241687
393241687
119119686
119119686
858935781
858935781
748200472
748200472
34384021
34384021
379958140
379958140
707863784
707863784
695611874
695611874
102083906
102083906
58714632
58714632
373981382
373981382
973423055
973423055
752045844
752045844
429857164
429857164
488523531
488523531
52906730
52906730
187724925
187724925
230524665
230524665
748788067
748788067
756692113
756692113
465665631
465665631
153911891
153911891
553540269
553540269
959847942
959847942
108536392
108536392
668007119
668007119
320799017
320799017
453680481
453680481
179867849
179867849
265382851
265382851
93642794
93642794
613039583
613039583
969093077
969093077
966447753
966447753
942692707
942692707
159243756
159243756
410172584
410172584
126815622
126815622
376948210
376948210
816498905
816498905
554958183
554958183
361860235
361860235
652093003
652093003
994851518
994851518
856518836
856518836
103405695
103405695
541077224
541077224
957199946
957199946
703621315
703621315
419827238
419827238
601925573
601925573
482137013
482137013
465796789
465796789
890770384
890770384
163187331
163187331
350411402
350411402
690874368
690874368
708811703
708811703
290329835
290329835
729699951
729699951
342929592
342929592
586939323
586939323
355218140
355218140
216936321
216936321
94272435
94272435
644958164
644958164
145938140
145938140
971898162
971898162
394994672
394994672
309805193
309805193
358759919
358759919
935135246
935135246
864009101
864009101
549951611
549951611
402557359
402557359
17020772
17020772
167936305
167936305
821901396
821901396
368392530
368392530
480798936
480798936
558419589
558419589
918421729
918421729
657022622
657022622
907231651
907231651
547687455
547687455
637242032
637242032
543718204
543718204
188903863
188903863
246652331
246652331
235558800
235558800
197031515
197031515
609882809
609882809
515086021
515086021
641039205
641039205
625369223
625369223
552426311
552426311
980699008
980699008
143603585
143603585
564939865
564939865
935995004
935995004
659901152
659901152
532302971
532302971
569885132
569885132
837296736
837296736
446000620
446000620
228664450
228664450
95738082
95738082
38227564
38227564
731705646
731705646
356165101
356165101
945505949
945505949
987619214
987619214
992669008
992669008
429645345
429645345
272733364
272733364
467405292
467405292
491288296
491288296
264477193
264477193
335341365
335341365
182324470
182324470
903953551
903953551
569153122
569153122
248705573
248705573
471724941
471724941
419996918
419996918
380584238
380584238
16519091
16519091
208248445
208248445
826378575
826378575
777708545
777708545
811807962
811807962
60666765
60666765
969512833
969512833
771141496
771141496
350886938
350886938
801114358
801114358
414345997
414345997
321608793
321608793
518967695
518967695
17937137
17937137
891340876
891340876
296179121
296179121
489727687
489727687
567047390
567047390
702991090
702991090
527838220
527838220
781311697
781311697
606761878
606761878
452841591
452841591
174386856
174386856
659185367
659185367
987463586
987463586
831694276
831694276
161949897
161949897
419656453
419656453
339901158
339901158
689877174
689877174
816615499
816615499
111197272
111197272
542996542
542996542
299128502
299128502
657161608
657161608
444921866
444921866
591730425
591730425
37228815
37228815
659965126
659965126
693983326
693983326
487464641
487464641
566415734
566415734
703778697
703778697
71707777
71707777
369930804
369930804
991559019
991559019
201151385
201151385
673829393
673829393
194729900
194729900
888387878
888387878
36822627
36822627
377715651
377715651
28025688
28025688
549099350
549099350
309629833
309629833
927763092
927763092
972968294
972968294
501330312
501330312
267297169
267297169
136543712
136543712
633964225
633964225
853094072
853094072
480682410
480682410
19161788
19161788
386325248
386325248
119842723
119842723
213949459
213949459
719176099
719176099
653397746
653397746
895696755
895696755
948051692
948051692
740805384
740805384
211538461
211538461
779997382
779997382
585396199
585396199
456912926
456912926
962511535
962511535
13971919
13971919
56613237
56613237
523191277
523191277
776158733
776158733
598723631
598723631
302770644
302770644
537502113
537502113
377137822
377137822
685785245
685785245
875956855
875956855
34119513
34119513
191586410
191586410
35252378
35252378
972446116
972446116
52681278
52681278
931671656
931671656
34019458
34019458
809310569
809310569
422193229
422193229
743764417
743764417
742053302
742053302
745036868
745036868
992936038
992936038
957966474
957966474
697209798
697209798
375874287
375874287
795248198
795248198
119977325
119977325
849390647
849390647
423708882
423708882
127148247
127148247
474637051
474637051
39455455
39455455
92957751
92957751
715205133
715205133
156322681
156322681
539194299
539194299
705924093
705924093
187019548
187019548
531504043
531504043
865121325
865121325
656995103
656995103
61993908
61993908
730579199
730579199
854103555
854103555
388690411
388690411
568349749
568349749
423532276
423532276
63299844
63299844
275987414
275987414
890206016
890206016
899284941
899284941
558267866
558267866
645010372
645010372
442410740
442410740
668154822
668154822
124149648
124149648
644692382
644692382
107131014
107131014
240174150
240174150
214183145
214183145
414979941
414979941
213118652
213118652
213118652
414979941
414979941
214183145
214183145
240174150
240174150
107131014
107131014
644692382
644692382
124149648
124149648
668154822
668154822
442410740
442410740
645010372
645010372
558267866
558267866
899284941
899284941
890206016
890206016
275987414
275987414
63299844
63299844
423532276
423532276
568349749
568349749
388690411
388690411
854103555
854103555
730579199
730579199
61993908
61993908
656995103
656995103
865121325
865121325
531504043
531504043
187019548
187019548
705924093
705924093
539194299
539194299
156322681
156322681
715205133
715205133
92957751
92957751
39455455
39455455
474637051
474637051
127148247
127148247
423708882
423708882
849390647
849390647
119977325
119977325
795248198
795248198
375874287
375874287
697209798
697209798
957966474
957966474
992936038
992936038
745036868
745036868
742053302
742053302
743764417
743764417
422193229
422193229
809310569
809310569
34019458
34019458
931671656
931671656
52681278
52681278
972446116
972446116
35252378
35252378
191586410
191586410
34119513
34119513
875956855
875956855
685785245
685785245
377137822
377137822
537502113
537502113
302770644
302770644
598723631
598723631
776158733
776158733
523191277
523191277
56613237
56613237
13971919
13971919
962511535
962511535
456912926
456912926
585396199
585396199
779997382
779997382
211538461
211538461
740805384
740805384
948051692
948051692
895696755
895696755
653397746
653397746
719176099
719176099
213949459
213949459
119842723
119842723
386325248
386325248
19161788
19161788
480682410
480682410
853094072
853094072
633964225
633964225
136543712
136543712
267297169
267297169
501330312
501330312
972968294
972968294
927763092
927763092
309629833
309629833
549099350
549099350
28025688
28025688
377715651
377715651
36822627
36822627
888387878
888387878
194729900
194729900
673829393
673829393
201151385
201151385
991559019
991559019
369930804
369930804
71707777
71707777
703778697
703778697
566415734
566415734
487464641
487464641
693983326
693983326
659965126
659965126
37228815
37228815
591730425
591730425
444921866
444921866
657161608
657161608
299128502
299128502
542996542
542996542
111197272
111197272
816615499
816615499
689877174
689877174
339901158
339901158
419656453
419656453
161949897
161949897
831694276
831694276
987463586
987463586
659185367
659185367
174386856
174386856
452841591
452841591
606761878
606761878
781311697
781311697
527838220
527838220
702991090
702991090
567047390
567047390
489727687
489727687
296179121
296179121
891340876
891340876
17937137
17937137
518967695
518967695
321608793
321608793
414345997
414345997
801114358
801114358
350886938
350886938
771141496
771141496
969512833
969512833
60666765
60666765
811807962
811807962
777708545
777708545
826378575
826378575
208248445
208248445
16519091
16519091
380584238
380584238
419996918
419996918
471724941
471724941
248705573
248705573
569153122
569153122
903953551
903953551
182324470
182324470
335341365
335341365
264477193
264477193
491288296
491288296
467405292
467405292
272733364
272733364
429645345
429645345
992669008
992669008
987619214
987619214
945505949
945505949
356165101
356165101
731705646
731705646
38227564
38227564
95738082
95738082
228664450
228664450
446000620
446000620
837296736
837296736
569885132
569885132
532302971
532302971
659901152
659901152
935995004
935995004
564939865
564939865
143603585
143603585
980699008
980699008
552426311
552426311
625369223
625369223
641039205
641039205
515086021
515086021
609882809
609882809
197031515
197031515
235558800
235558800
246652331
246652331
188903863
188903863
543718204
543718204
637242032
637242032
547687455
547687455
907231651
907231651
657022622
657022622
918421729
918421729
558419589
558419589
480798936
480798936
368392530
368392530
821901396
821901396
167936305
167936305
17020772
17020772
402557359
402557359
549951611
549951611
864009101
864009101
935135246
935135246
358759919
358759919
309805193
309805193
394994672
394994672
971898162
971898162
145938140
145938140
644958164
644958164
94272435
94272435
216936321
216936321
355218140
355218140
586939323
586939323
342929592
342929592
729699951
729699951
290329835
290329835
708811703
708811703
690874368
690874368
350411402
350411402
163187331
163187331
890770384
890770384
465796789
465796789
482137013
482137013
601925573
601925573
419827238
419827238
703621315
703621315
957199946
957199946
541077224
541077224
103405695
103405695
856518836
856518836
994851518
994851518
652093003
652093003
361860235
361860235
554958183
554958183
816498905
816498905
376948210
376948210
126815622
126815622
410172584
410172584
159243756
159243756
942692707
942692707
966447753
966447753
969093077
969093077
613039583
613039583
93642794
93642794
265382851
265382851
179867849
179867849
453680481
453680481
320799017
320799017
668007119
668007119
108536392
108536392
959847942
959847942
553540269
553540269
153911891
153911891
465665631
465665631
756692113
756692113
748788067
748788067
230524665
230524665
187724925
187724925
52906730
52906730
488523531
488523531
429857164
429857164
752045844
752045844
973423055
973423055
373981382
373981382
58714632
58714632
102083906
102083906
695611874
695611874
707863784
707863784
379958140
379958140
34384021
34384021
748200472
748200472
858935781
858935781
119119686
119119686
393241687
393241687
226815730
226815730
788225861
788225861
714958220
714958220
68148317
68148317
756635564
756635564
223882086
223882086
645296326
645296326
455100371
455100371
32674561
32674561
792271319
792271319
223640425
223640425
638851101
638851101
377878083
377878083
479756089
479756089
781901272
781901272
117887076
117887076
349412808
349412808
514679861
514679861
513274594
513274594
615042601
615042601
652682813
652682813
321494746
321494746
283164539
283164539
613613522
613613522
482868517
482868517
438592901
438592901
768606923
768606923
361436273
361436273
99111902
99111902
850662203
850662203
