100
793966350 808802040 404126390
735024847 707250320 497427576
874941505 -538093855 504147527
849341325 451920659 123640224
786168603 -423803684 287422735
761134568 -373106755 136540337
792616765 275783001 123716634
793933692 -430022299 363811476
729436958 -520726368 525031784
818502408 337648345 226364988
839346202 313597327 544387669
811771666 588849821 682539629
745924954 624575656 130990266
791788772 640312174 535060150
827706306 35087348 149290249
877219686 -164531757 55748205
868024958 -531991018 666402890
813048955 346013911 364947834
733869221 34054202 318512145
847377948 -21578956 446385704
838788621 580647996 127358454
771080334 -170269055 687571881
820352481 56970566 496111198
802710216 -161329860 425444356
845360112 661600781 255811822
832342035 133468188 98287008
810485909 680787480 678128839
783162755 760287964 246339911
832057324 -310742671 481248019
726810493 167345017 54901303
740176576 -68249799 161413449
732925657 -485654840 61986086
811667189 829098705 353623467
840319281 379912852 635260057
841558372 252271697 306340415
769342417 904311612 170676193
803876092 369543403 510710004
728751758 4587647 496091758
755541691 244712471 276909353
776738787 -17195421 164807036
871478938 179940174 472838088
860671768 313886667 276674350
751566024 -405411509 63779797
732087919 917185477 104952250
769834426 -569851963 137724548
815914025 -74155263 553183079
729080757 -502359289 162721790
878366456 614969286 209584383
749090572 59882071 284005801
789259946 384082065 393859532
817523032 892822969 213216714
795606931 704521274 495904818
813267245 -437730904 133789249
761384370 -552404836 43780184
825937174 -200332644 449575669
768458359 51867248 231884252
839309954 -87426452 109999114
844522183 -459868710 134816549
804703332 774944537 541825915
864751510 -481172113 629493886
820740498 878489743 684712374
770362145 941487148 42217680
734024398 945015153 410500475
757573189 -432010900 120456727
834824755 825285191 518786759
880012607 951955850 456435006
798108089 324923892 400733273
746232092 514520175 44159346
864992636 366345818 424949359
876089180 535328240 221941648
858074198 -562495415 145543080
757224579 471957792 674087277
834656343 327823162 67469198
830812800 111691326 327593863
728877088 -463897638 188157757
827517288 505717382 96998302
753256029 539405149 45750005
825866483 168383993 596158022
800359391 -413703478 355092580
745809680 112691479 230621537
757719893 585898322 3072953
806259394 -293732141 48166612
765835680 -437736016 248725051
734060285 483130807 541356835
756894171 -545737366 343354588
770788100 674188806 630511144
755783465 -210210216 252919971
749628573 -309525987 329872567
802192570 731527671 344814765
735406676 -461137022 161192592
844076725 -216835708 87134699
797220216 708110063 224343023
800020760 554477195 379860633
863417355 893935828 249358874
870711159 557482011 672468251
871145339 -211342009 533208731
856553166 -65281080 479324307
763081630 583590514 548329645
767334418 388667440 402024551
762972866 -504084303 441295590


