5
10
2 1 351249
3 1 611742
4 1 206307
5 1 572160
6 1 38591
7 1 774031
8 1 473756
9 7 347147
10 2 190321
C 5 254764
Q 5 2
C 2 487771
C 3 34911
Q 8 2
Q 1 7
C 6 863509
Q 8 9
Q 1 4
Q 8 4
D
10
2 1 528124
3 1 432845
4 1 523813
5 3 971426
6 4 316889
7 6 566287
8 6 659883
9 2 770663
10 5 738595
C 5 360943
C 2 21882
Q 9 3
C 8 931542
Q 2 5
C 2 436928
C 8 924705
C 5 478374
Q 8 6
C 8 436776
D
10
2 1 971870
3 2 288176
4 1 786309
5 1 688694
6 4 371371
7 6 277719
8 7 536670
9 2 795281
10 9 62249
Q 6 5
Q 1 3
C 9 426650
Q 8 9
Q 1 10
C 4 205766
Q 4 1
Q 7 7
Q 10 6
C 5 20839
D
10
2 1 897689
3 2 248514
4 3 782728
5 2 238940
6 4 478967
7 6 836889
8 2 288203
9 1 156556
10 2 222328
Q 6 1
Q 4 7
Q 3 9
C 7 939460
C 2 837149
C 9 440804
Q 1 4
C 5 241279
C 8 45833
C 8 189997
D
10
2 1 522833
3 1 717212
4 2 201448
5 1 397558
6 2 911319
7 1 770283
8 5 737381
9 1 204278
10 2 254408
Q 7 10
C 5 86998
C 1 58250
C 3 702410
C 3 741594
C 6 553910
Q 1 10
Q 9 6
Q 9 8
C 6 130173
D
