1 0
2 1
3 6
4 11
5 15
6 19
7 23
8 27
9 31
10 35
11 0
1 1
2 1
3 6
4 11
5 15
6 19
7 23
8 27
9 31
10 35
11 0
1 39
2 1
3 6
4 11
5 15
6 19
7 23
8 27
9 31
10 35
11 0
1 43
2 1
3 6
4 11
5 15
6 19
7 23
8 27
9 31
10 35
11 0
1 46
2 1
3 6
4 11
5 15
6 19
7 23
8 27
9 31
10 35
11 0
1 48
2 1
3 6
4 11
5 15
6 19
7 23
8 27
9 31
10 35
11 0
1 51
2 1
3 6
4 11
5 15
6 19
7 23
8 27
9 31
10 35
11 0
1 52
2 1
3 6
4 11
5 15
6 19
7 23
8 27
9 31
10 35
11 0
1 52
2 1
3 6
4 11
5 15
6 19
7 23
8 27
9 31
10 35
11 27
1 52
2 1
3 6
4 11
5 15
6 19
7 23
8 27
9 31
10 35
11 54
1 56
2 1
3 6
4 11
5 15
6 19
7 23
8 27
9 31
10 35
11 54
12
10
4
