1000
6
817 -681
-981 -997
930 -730
-721 905
363 -956
492 16
13
322 -173
-470 -870
271 -193
-825 21
-831 -118
-428 158
613 -120
-888 116
173 574
-67 844
593 288
774 863
568 -968
12
964 524
-405 -191
-153 774
339 329
45 -502
856 -582
19 -261
-10 -823
-296 -778
-711 820
747 863
-247 592
2
-606 366
-976 -686
7
251 -722
275 -802
439 -526
972 -222
803 17
628 659
787 -353
15
-223 -176
807 351
466 627
99 681
-267 43
490 127
-591 867
793 -840
470 -929
787 669
863 -739
641 -359
-936 11
-730 -925
150 269
11
928 -554
-15 631
912 -36
82 945
-951 -875
788 528
-113 655
321 399
125 745
186 -206
608 447
5
-399 863
-849 223
-710 301
-507 468
581 -61
6
213 -149
-878 -705
148 -829
-227 -64
700 660
-409 21
4
717 -234
-403 -489
-274 -956
651 328
4
802 -449
-451 456
44 -630
37 -665
8
-398 538
649 -102
-313 821
-977 623
873 683
-785 -106
94 932
-987 691
12
-261 -913
-553 -581
-654 -751
-29 247
705 -633
969 95
-297 497
697 -759
498 -53
-72 319
-30 -448
544 -347
16
-561 -901
-301 -196
790 494
895 877
941 -685
-425 -457
638 823
-400 -995
792 695
60 641
393 302
140 -660
-418 -189
311 134
-644 -684
-747 147
1
304 951
15
-201 846
-564 92
-487 363
635 -849
186 -764
-491 331
-717 569
-28 676
223 -888
-983 806
-76 680
292 632
-652 546
-221 116
-150 82
12
-999 280
-537 446
794 826
433 -703
365 -979
-194 -304
-695 -624
668 981
599 781
-650 757
57 -618
50 -311
12
-404 820
-801 798
-98 874
-848 -818
-663 598
976 -484
31 -726
881 405
432 -423
710 808
-755 -957
760 -622
11
517 787
128 -433
-524 -789
515 -704
-589 314
198 -715
818 381
-25 416
709 491
-201 -665
724 -796
9
-699 914
928 -102
958 -960
277 -296
910 64
832 -171
893 -604
-655 -459
-193 -989
13
92 829
473 -581
597 534
910 -604
-778 986
-399 -658
-713 -133
-378 186
177 -337
-185 881
-75 -769
-934 754
-524 -538
4
18 269
-538 110
-287 -357
-65 133
1
-531 395
14
43 382
590 385
-979 -191
-992 559
987 23
-626 868
948 -42
-714 -946
786 100
-494 -196
-279 320
914 435
-684 201
-80 -92
8
-685 897
-286 -951
487 -548
-929 -703
-188 630
-364 835
-643 -144
-865 667
8
-811 453
-757 47
-742 317
-280 -476
-248 36
726 672
944 749
-661 842
16
-611 681
267 -540
-670 -921
-558 -34
-734 -201
823 -599
-534 318
-57 920
913 990
-470 230
62 406
982 -902
132 -994
-957 233
-302 -763
-951 87
15
668 899
-399 -900
-659 567
-282 493
742 472
959 60
-585 -769
326 -243
113 -444
820 -480
-109 -730
-996 -103
-335 238
595 254
639 34
6
659 285
-874 -889
627 -955
182 472
-860 -346
783 200
14
-985 -122
-822 480
435 -650
-1000 -674
-27 -643
575 638
595 171
-107 586
-443 -582
597 843
-104 -939
822 -59
243 294
81 897
6
-366 318
444 512
848 -75
299 -449
-75 625
524 282
2
162 229
-276 -593
16
281 177
117 476
-927 178
298 15
-579 -408
-552 -330
-978 434
-660 466
299 -812
-609 -402
91 669
-776 -385
303 425
-870 -115
-499 -463
-596 782
4
521 611
-860 -301
-91 155
472 854
5
-506 876
390 -166
342 -311
375 -914
640 -534
12
864 82
410 641
564 -705
-858 -899
-300 -724
-832 -427
887 -691
625 149
816 97
3 -876
944 -121
515 130
14
-444 -495
11 -804
324 -234
-588 -594
-471 -947
-678 176
-453 -225
-772 176
-56 -198
415 605
-573 -436
773 876
919 898
820 150
6
-49 724
-679 808
87 -130
132 854
282 890
-265 688
5
911 -413
-12 -860
763 -716
-58 531
889 721
16
662 597
-633 560
770 517
325 -279
593 999
-471 -319
221 -986
-113 -145
904 974
-105 -883
885 483
105 -623
598 389
671 129
630 392
929 644
15
-704 557
112 -835
234 -815
-889 585
66 144
-194 80
-969 662
-15 -643
-443 454
-406 -608
-89 -28
-657 -700
-5 824
-718 -260
753 926
3
-951 835
546 -785
70 -917
7
-345 149
822 814
-418 -795
828 919
-438 -263
373 156
130 -716
1
473 -64
5
297 218
-784 51
496 -350
452 684
-804 -981
3
-721 -303
761 780
-481 927
11
76 755
-367 638
-507 -994
147 975
-710 627
800 226
103 449
-204 319
-148 -355
-679 -695
-671 -483
5
435 148
374 548
281 -755
476 995
322 583
6
312 -924
-365 -541
-949 278
-913 -797
-144 542
653 -995
15
-495 -350
535 -190
331 -595
487 118
553 213
18 186
810 -154
182 484
-570 -837
-203 -142
-202 608
262 -572
-953 465
285 590
118 642
5
624 -356
-661 -214
-673 -256
-375 445
-350 838
16
-812 -999
662 370
485 -908
885 -366
302 36
-405 -436
464 -358
-970 101
-768 148
-257 388
124 387
-920 911
714 -176
-464 511
826 -273
-673 -985
9
-659 737
-435 -215
623 552
-913 11
-853 -348
-525 141
-318 929
726 -818
-328 114
12
-588 194
218 -874
-629 -894
990 -451
185 -683
-436 -735
10 -346
183 795
-371 -265
-766 640
234 -114
-533 -625
1
-604 -899
8
421 568
410 833
-238 -20
-689 485
86 -699
-965 -376
-30 -49
-111 980
6
-928 -873
-414 159
-638 -774
-607 248
46 121
169 794
7
624 215
142 34
48 -743
-634 360
742 804
-987 777
-572 -16
10
318 316
-666 742
796 273
-98 -842
851 647
758 -103
-232 279
-308 -657
-97 907
837 -711
13
-906 -345
20 837
-540 33
614 -112
-631 -305
-442 -962
382 -699
834 -345
555 992
-494 202
-898 404
-677 382
-552 18
14
-293 -145
-73 -633
-50 582
387 139
-606 -227
-247 283
494 449
841 532
-169 -506
718 838
-599 -938
-656 604
-835 -900
-721 899
5
297 -464
608 -496
463 975
806 398
715 -55
1
-512 699
4
982 500
621 867
-317 -885
585 -479
6
648 -135
-527 -835
318 104
-936 -782
-247 -400
826 257
1
-846 64
7
869 -991
958 -291
-940 386
-309 912
359 -90
-405 474
-152 468
8
-152 -314
168 13
-996 -376
429 -778
377 -619
-599 -13
-203 -445
-597 -37
9
-236 274
485 -175
12 -472
89 -629
439 -963
-803 -361
505 -107
487 -809
-587 -148
4
38 -719
-230 -233
-338 523
754 812
15
-843 127
206 -78
-247 -309
-901 765
219 188
-512 10
577 38
-999 83
931 488
626 -304
-660 -826
-914 -27
296 -146
636 -181
-40 448
2
118 -73
-193 -608
2
850 -157
446 421
16
-713 -216
961 325
-215 44
608 -726
-330 -344
-34 196
-257 940
-508 949
928 663
-91 728
264 -621
-345 -577
-229 -664
-727 614
-865 695
998 -226
16
959 -901
616 355
-941 -758
-623 -285
209 574
810 501
-582 759
429 -918
-331 157
698 400
-836 -878
-828 -499
-253 -862
-12 -206
-512 762
625 -201
6
242 -494
-376 484
-116 339
45 -190
502 -454
228 613
8
662 -718
836 713
-965 -999
835 -793
-146 -418
-303 -806
729 538
956 354
2
-479 -52
196 145
2
-568 -164
830 242
3
-271 -178
952 408
-163 -414
14
-450 -379
598 -263
180 -196
671 -770
-2 400
-880 306
-245 -191
827 703
-995 324
-512 -211
-840 -329
-617 -149
752 206
155 160
12
-907 -243
-55 -285
-645 682
-753 159
353 -171
-491 -246
-51 815
861 -889
642 916
-884 -34
-243 258
479 428
10
-670 532
-153 485
-308 242
578 450
-461 -355
-843 -779
245 669
927 -574
-822 33
728 994
15
839 988
-190 -693
307 567
565 -214
347 207
116 -121
-594 -47
924 -999
-117 374
-460 881
883 114
478 552
41 904
731 -926
632 725
9
823 -935
-870 -869
372 -950
696 -842
397 -97
626 -371
662 -69
-447 663
815 -721
12
-952 -838
669 526
715 -290
782 798
-216 767
523 -896
590 588
-413 721
-39 -363
770 471
-614 25
98 367
16
-971 -728
-650 -804
-449 -94
-404 66
-425 -878
133 638
-743 -69
-226 -976
-194 231
966 -606
818 -960
707 -193
810 531
545 -165
-371 -87
523 10
2
-775 559
-911 483
12
155 -589
-370 -712
-599 -113
219 175
263 -975
-594 581
-229 -424
621 -169
383 431
-638 281
-381 343
-806 -506
2
379 71
-736 820
12
-228 -25
318 402
263 719
-359 -166
246 -744
211 -995
837 983
-419 811
166 -683
242 528
598 -787
223 -856
4
-720 875
779 -455
696 -314
669 -329
5
71 -713
-925 -936
473 321
-328 -315
678 -491
13
-740 -328
-814 -71
-733 714
-121 -520
289 375
188 569
250 -33
-534 -54
653 -865
970 -991
558 -391
-916 974
-918 757
7
-233 436
508 787
-952 -820
973 329
-553 -961
-792 -72
680 583
5
250 185
435 -932
-868 440
-444 -546
449 -886
8
885 -559
145 642
87 -735
78 -53
-596 126
128 -270
-545 927
-231 15
8
-550 -50
675 -948
-864 462
-880 -732
254 -324
74 55
143 -863
-60 584
3
-417 23
899 -987
971 -344
5
451 386
947 730
-493 315
-62 309
-735 -35
2
-599 -572
834 21
3
-138 -905
90 -995
-416 -970
6
-781 -35
317 -530
-21 640
126 -529
91 -136
-230 -179
13
-915 -889
-319 -297
77 -957
456 857
-771 -522
891 91
-75 -19
449 510
364 742
-919 -671
59 -449
308 51
-970 779
15
-106 -98
316 -734
-13 779
-52 -958
-144 343
499 65
572 -671
-43 15
606 -710
-536 468
654 -793
549 -664
618 -899
644 -330
-517 776
13
377 -322
-168 996
-983 -36
296 -588
-828 -9
911 238
-85 -408
-453 930
-802 -163
-253 667
-156 306
216 180
-76 669
9
946 -848
-48 463
882 982
-353 -770
-648 611
526 -236
784 -483
27 22
432 619
2
714 817
-242 -539
13
954 767
53 486
44 74
-337 -10
579 967
-195 461
950 453
691 -346
64 569
770 200
-914 -203
-778 870
-232 -857
1
-63 254
15
-226 208
-835 827
-305 209
253 710
-448 -168
677 357
-355 979
162 -664
-15 -773
-743 -245
427 -305
904 -998
-435 -328
-503 -498
610 751
5
-616 312
417 -437
-641 -21
816 -931
883 -351
3
240 294
-922 -245
983 63
7
-408 -829
-239 288
-925 115
-795 -252
613 -293
-642 716
-689 94
5
729 657
739 60
825 808
-57 -174
-741 -465
10
-663 290
-544 752
-376 48
923 738
-312 -649
-147 -106
99 -182
953 809
-465 -735
-97 915
11
-88 655
406 -263
815 -651
916 -926
236 -611
-237 -473
197 -132
503 -403
143 241
286 494
-553 -820
2
265 -515
-598 -848
15
657 -932
96 -79
-925 -498
-989 890
203 927
-683 -560
-684 80
319 865
948 174
-538 444
-232 748
-62 215
-720 532
-168 -234
-714 337
13
-704 757
-35 217
832 819
228 -926
23 507
-609 815
-825 824
486 -960
-876 -340
-145 568
428 -45
-493 -5
236 -609
5
-646 29
165 -778
677 274
539 -105
106 359
12
532 -266
-665 -724
-451 -490
-900 -965
-97 -424
-305 758
-503 -524
-287 4
471 949
747 651
-345 128
-184 230
7
-558 -231
-947 900
-872 -472
433 -138
-137 709
763 726
-839 -850
6
-263 198
-613 586
674 100
-58 145
402 -311
-203 -591
11
965 639
-24 -592
-591 29
-340 -111
909 -907
-896 125
-846 -781
-149 -685
-630 832
405 568
-781 -9
11
671 -714
-261 425
-25 888
835 145
854 826
-527 -386
-413 502
274 477
764 720
933 -111
874 -848
13
-458 -126
924 -701
-558 -505
642 -964
-834 928
-224 944
256 -336
-869 -247
-130 957
227 484
-455 81
111 -626
-155 -169
4
-914 57
-189 -822
599 686
-898 -750
1
-51 893
6
468 821
293 412
77 -691
543 -817
180 500
410 16
14
-157 -521
-229 689
662 430
-873 -280
-758 -694
-329 -720
-240 -78
-240 710
-185 277
530 -12
-78 -58
-582 584
-163 -399
-236 -311
12
-868 87
206 -36
-790 -105
-374 641
375 346
-765 681
-630 -133
-207 292
627 -145
-541 257
-615 447
-469 679
10
-885 -484
-182 231
206 181
364 -355
-612 -320
-145 635
306 -152
10 5
83 43
375 -698
14
19 -718
44 478
539 782
277 -930
461 495
-462 -670
-687 769
888 495
485 -467
-765 -835
740 870
472 -411
233 -171
-976 -724
13
-673 -535
223 -391
862 53
-500 996
-670 -78
809 825
460 -861
-861 230
-973 986
67 -88
-779 233
-347 -557
57 242
13
886 618
-695 -558
945 122
-983 -94
-16 70
406 -20
400 -671
142 578
-859 281
-931 371
661 -945
-561 -427
-372 -976
11
423 81
-180 100
319 -561
405 761
-264 -473
-870 643
864 200
49 196
-48 730
-662 -470
872 972
8
595 633
6 -614
-794 986
-590 785
410 843
-395 -490
162 396
-733 275
6
146 405
776 362
-43 177
-441 -738
-92 249
144 -220
6
744 -625
-146 102
-238 61
89 524
198 -149
720 803
2
234 552
980 -490
6
478 -733
461 -159
577 -10
752 839
898 1
-17 30
16
79 758
77 -466
-128 -510
975 -604
688 -174
-532 844
-461 703
396 -129
-435 81
-299 -168
-106 542
-239 -764
294 -48
-865 -704
936 517
-481 367
12
948 901
-853 -561
876 -104
-873 54
364 -677
593 67
719 -184
632 152
518 -183
-602 412
930 -365
-293 -117
3
355 171
-713 -774
-462 915
15
-560 -938
-387 -332
310 93
723 -325
416 668
-906 136
-515 -921
-360 -645
248 39
767 178
674 -174
-939 -204
-819 232
435 -593
-877 350
7
-437 765
195 583
427 -712
306 -898
-943 327
-451 193
-836 -372
10
-481 -772
224 -714
406 -102
113 820
-954 646
404 834
-946 527
536 -12
-558 301
-817 -974
10
-176 684
183 -119
11 -916
-574 527
64 -389
-954 292
836 -315
51 86
-850 -129
485 796
4
319 -798
-845 -145
190 -51
-491 726
16
590 -98
12 -227
-865 -625
210 -439
903 -726
524 949
919 712
-366 -30
-201 136
-807 -716
-67 -180
955 135
327 -190
-674 -723
319 -596
252 -91
11
-384 -965
441 -8
245 -646
-105 871
878 -156
790 591
831 112
-258 -33
305 378
-748 -874
333 740
14
-505 -582
-918 -833
-178 335
428 -872
951 463
569 295
60 923
-810 284
-847 387
426 744
218 -461
-162 -463
844 -784
142 -678
14
-118 -872
-603 300
-790 -436
-878 897
992 -398
-799 808
-477 496
220 -202
687 -496
-49 74
931 48
-356 -530
886 533
-334 -545
4
341 -644
557 469
-247 209
-969 669
4
-719 -986
-715 -518
822 -192
-670 42
7
-983 547
-442 443
830 958
-561 -700
844 973
318 -349
0 -341
1
-90 -520
2
-881 -488
-865 803
10
-851 -560
627 971
249 957
365 -145
-673 264
765 -878
94 723
-438 746
920 -113
65 -429
16
724 931
149 -443
-955 621
69 -820
776 -786
-671 -784
841 -348
465 798
-631 -327
-875 634
-562 -752
-272 -486
162 -173
-566 -951
-756 357
-360 968
10
790 -123
686 763
946 866
539 -840
-453 -893
-999 551
925 -848
920 -402
-371 554
388 -123
12
-746 -609
814 40
-208 -942
-602 433
-622 -961
223 256
725 338
202 943
-123 715
-158 336
-932 -607
261 -780
10
-789 -150
-428 600
-921 559
-794 -529
373 247
615 431
645 48
809 -964
-377 65
761 961
13
-944 190
-665 250
-473 -597
995 788
-24 -340
-1000 -822
232 952
-743 143
-842 80
-484 405
-304 947
402 -904
-891 438
1
526 551
10
-854 959
-776 -167
209 -249
589 204
-109 -435
-783 243
95 801
195 352
-55 706
-215 461
8
833 761
-134 929
870 -344
1 396
-440 -965
895 -129
-389 -272
-567 362
14
637 -395
234 -794
849 -671
-992 396
-966 -47
102 171
-234 -82
4 -473
-864 285
-251 -208
-361 -502
704 26
-607 -424
637 473
2
351 791
-2 956
2
557 -843
707 565
3
-907 -130
8 264
636 926
13
-484 -938
905 617
207 -104
-885 263
922 -492
-809 559
982 552
-90 -875
-97 -133
502 -540
376 561
-623 -70
654 247
4
-82 235
-431 538
-897 -16
796 721
16
-308 836
806 -33
-303 998
-474 31
550 437
508 -195
-344 362
265 -968
-76 642
315 -70
241 958
-799 -523
-473 -909
-68 511
887 -347
-594 -68
11
-787 -749
539 -437
-223 -78
-535 -434
-570 271
222 792
-464 607
68 -469
274 -649
772 232
-448 -399
16
-357 534
623 -117
-461 -971
-833 381
-406 -582
272 157
195 -806
623 -886
-24 246
688 121
782 295
-811 -335
-431 -460
-210 -847
444 743
-735 -912
14
-760 323
-831 -731
490 902
216 -740
175 -627
455 721
-652 921
-302 594
610 819
729 -95
-640 -606
827 253
536 -668
49 280
6
137 261
-163 -188
430 459
-698 685
-325 -86
-140 400
3
-419 749
-357 631
695 -747
11
424 511
-837 -829
690 768
-941 -978
-183 691
-380 -693
-47 809
119 -265
268 774
-580 -705
-312 280
1
410 -786
6
-946 845
492 -341
648 269
-830 -837
792 860
-717 -797
12
452 895
-145 759
-152 -336
231 583
933 5
-996 -772
-955 636
-724 808
-798 -927
-786 -952
918 -127
-952 539
5
-437 683
-96 198
886 139
-350 781
994 -590
6
11 993
-83 -56
350 273
524 395
-91 801
203 112
3
417 512
-856 -357
912 -965
8
-525 718
-57 673
605 -917
-677 738
-571 85
-280 440
78 637
-264 -220
15
-739 -824
-829 -586
731 635
-360 501
147 137
-856 411
172 -817
886 243
126 911
-152 561
-413 -62
991 -976
658 783
455 647
-480 -765
14
133 -589
81 547
-505 68
-461 996
-432 -972
-508 979
553 -325
-782 -204
801 -871
996 715
68 -66
-942 93
-55 841
-452 -408
10
-217 854
846 547
-65 745
-606 -645
-363 -610
-77 -335
234 -97
-782 909
121 14
-938 602
3
-871 -329
945 -813
764 -110
14
-336 834
-258 799
688 -59
698 -25
-314 -908
331 323
-166 -746
-659 -932
509 -441
-671 -370
574 -608
-767 -64
-479 256
233 61
13
-877 90
-964 -690
-816 -813
998 125
886 -26
-836 978
-343 839
-187 263
-820 -119
-227 -260
211 755
-334 955
988 602
13
596 -164
889 -32
311 331
356 621
516 544
972 -7
430 298
509 760
955 349
-427 570
529 807
-657 -731
370 -901
8
325 -561
-110 -495
-964 -922
-605 356
741 -922
-287 363
946 -391
687 -60
8
-15 -551
-849 292
-850 -275
-138 680
-116 558
-699 -746
657 589
931 -552
16
-564 -164
-91 183
-807 -350
262 258
-635 208
867 -948
-500 -742
389 302
-239 33
452 838
-752 132
-278 806
434 -24
815 375
259 -737
-794 696
13
115 -121
645 -883
-507 -97
-517 -946
122 -113
-446 380
-723 856
-507 662
661 -668
910 -207
54 -932
-421 -617
-765 954
11
-149 -840
338 -697
627 -430
948 745
415 203
-772 469
-675 467
-976 -943
-904 -768
-450 759
893 -118
6
39 -711
-910 618
-328 -675
925 -334
528 -915
-995 831
2
-73 -869
810 -658
7
-610 -836
-989 857
-812 -580
954 -228
323 -935
-334 -443
-914 705
15
-472 675
870 206
600 -463
-266 -962
-106 -434
-897 821
49 913
-485 -616
-345 -321
-253 -488
219 168
-182 992
-157 -117
10 400
322 67
8
850 -258
-531 56
-305 6
791 -267
900 -291
188 -927
758 453
-411 -506
13
620 594
-28 192
114 791
184 957
26 -454
709 -652
965 -692
-801 59
-222 607
754 784
750 -161
-963 -541
-973 -890
11
832 51
416 940
24 10
-87 -784
-524 56
752 -567
-918 -350
-857 -569
-385 -549
-18 674
581 -411
6
718 -308
-380 755
503 0
-783 -927
-168 621
842 -227
6
204 -962
213 681
446 -35
-534 528
615 -39
-689 -770
6
645 -744
346 -413
685 64
279 -694
171 -218
658 389
9
-510 10
50 615
-993 -394
-995 220
-361 451
-463 106
332 -848
-933 995
-266 832
10
-10 531
-772 28
-405 859
686 767
-359 344
508 -799
-814 -482
251 802
-123 -790
-841 -903
2
611 -366
955 -57
3
-625 290
872 -793
-69 214
11
511 -758
-314 722
-720 -195
-636 624
-687 -435
811 183
-831 965
-940 -269
-876 -843
580 -913
143 888
7
-719 -737
-327 -495
-178 956
719 -87
820 -686
951 542
-406 -244
3
-429 69
-176 -618
-748 345
12
-688 -572
175 -179
-992 263
964 -752
-355 -403
-489 318
102 686
627 -179
-401 447
487 -450
-11 -918
658 248
14
-273 -576
387 331
-879 -914
643 -451
261 -184
-443 -124
132 158
522 729
669 192
-169 707
-181 -996
-342 -382
492 208
608 574
3
-144 -421
945 280
966 276
10
-596 271
-698 -983
-561 211
-106 571
-631 -584
300 -961
960 -517
-902 132
-512 -243
750 980
14
358 906
184 -434
-515 481
-802 -549
-242 951
207 -619
-747 224
-179 465
-882 -608
834 -114
-955 -775
-153 -472
-676 -669
16 81
2
-4 398
440 -98
7
-642 739
-584 -443
-810 526
-492 749
-741 114
-26 80
-421 92
2
-235 -669
870 343
11
-602 -981
861 415
452 942
-237 -150
734 -982
-863 -907
757 -95
2 -700
-217 862
-951 42
-24 375
12
907 -180
948 -327
151 818
-632 -319
-432 -613
-458 -665
839 -164
99 41
-429 469
530 16
578 -213
-982 -770
3
880 -368
-35 209
-993 88
13
-173 388
-859 978
558 -491
11 -874
248 553
-538 439
-610 913
-167 313
734 -637
-671 664
503 -301
895 73
-69 -473
7
-860 -114
478 257
714 218
398 -956
-224 -740
56 255
860 -391
6
300 351
982 -867
-336 -932
-152 345
732 -649
-604 979
2
328 -494
-833 468
2
646 77
459 -136
13
855 993
88 -89
248 -52
873 317
-400 576
299 -267
-407 719
934 938
451 -715
-665 431
-586 -985
-711 -418
483 -966
5
-87 845
444 741
701 437
-171 -36
37 -871
6
-646 -270
-586 -995
815 7
724 -899
297 176
-261 984
16
153 999
600 735
835 635
-685 -252
832 -888
-511 533
901 670
-150 -61
-849 687
293 233
-547 299
401 812
375 502
110 -449
-759 94
862 395
7
463 482
281 450
-850 -971
282 -738
-130 168
-485 -460
-982 454
4
-943 100
-723 -489
-249 678
-677 -874
13
785 30
422 232
244 169
-322 -293
-349 -689
-491 153
-660 -856
415 562
664 -717
-546 -966
-911 497
-909 189
774 -46
5
452 630
-581 -15
415 801
-241 -353
45 928
14
-895 -69
988 -386
-915 -320
-242 852
-758 -226
-865 -304
-192 -775
-806 252
766 -680
-794 -941
773 836
-170 110
604 -17
869 -397
13
797 -719
-867 80
-731 -252
165 302
858 370
544 -367
857 -759
793 -918
-213 45
-799 107
252 -388
232 440
794 -306
5
-223 -437
-1000 -195
-288 -719
-61 793
-98 -961
15
-796 -751
32 -899
234 -110
-306 28
324 833
-927 525
-60 677
-511 -475
470 -717
219 -134
60 -865
-134 -782
-153 499
509 -8
-246 900
16
310 -851
687 763
384 -423
-543 -236
902 -710
189 779
583 -133
-731 -892
-311 -448
679 555
965 814
-226 -817
-338 -375
692 -994
379 944
-339 42
14
-651 -195
829 278
263 -407
532 905
783 312
488 2
581 948
691 -515
628 598
-198 442
-628 337
-544 -2
381 -537
-271 325
5
771 419
-823 -71
600 456
-456 -806
-12 -551
10
-348 -710
683 -415
-762 726
71 -782
324 -775
-987 697
563 -531
47 -56
284 -872
-730 113
13
-959 290
181 641
-254 725
-813 -913
-826 -132
-261 -184
-449 325
55 -723
-252 625
602 -27
638 651
-112 -540
50 833
1
178 -545
10
430 -152
-500 -389
-511 598
-312 29
685 215
897 -575
-969 -551
-898 438
78 -150
64 32
16
54 35
416 514
-915 601
611 264
-944 -180
46 -96
672 -990
745 271
-302 -226
-44 913
-328 733
945 473
835 735
-97 37
-201 936
565 854
12
-19 720
57 -418
683 -327
-10 -496
-929 -754
-824 -919
-657 447
-220 118
-244 -307
-858 -511
-10 967
-323 -274
7
-934 877
-194 631
-917 -870
-36 804
187 898
487 -788
240 -657
12
486 -128
-635 830
-329 497
300 427
-458 794
-731 885
761 298
-389 -369
364 -160
790 348
-76 920
-336 80
4
-437 -81
-977 803
263 -694
642 -513
16
472 158
-128 124
-62 767
-82 559
652 -321
-143 -385
662 -779
455 804
921 -269
-924 -414
811 535
149 83
558 304
-654 -783
-54 185
592 -230
8
-535 894
633 -768
-188 192
-764 843
-951 -149
858 -377
-342 662
-456 390
12
130 553
274 -369
-364 185
-712 334
754 586
-481 346
-291 215
-837 -397
200 -253
768 -255
335 963
-206 -814
14
769 -155
484 -686
-413 223
796 -860
-151 -220
129 -614
68 -537
-860 6
335 839
715 -450
-646 -329
-898 454
-561 -153
-211 -246
11
328 -424
763 -475
-588 -571
112 987
-774 604
-164 358
-267 575
-574 197
-933 784
-116 906
500 434
6
-829 888
-581 -38
-264 208
716 -270
-112 -356
-507 413
1
-77 -123
4
501 -518
-768 -141
215 807
637 -236
3
421 -1000
-515 -79
434 98
5
323 869
-242 -589
429 -525
141 -682
471 634
4
-472 -91
-391 923
-590 443
-493 269
3
-334 258
775 -107
-320 775
3
953 562
-172 750
237 -303
13
648 -874
335 141
-556 -193
-225 -472
687 685
489 610
-553 -68
-530 -931
942 136
327 -931
-971 -641
-803 759
-687 -889
12
-585 700
636 -77
700 763
-741 -159
-441 66
616 87
-247 653
-72 -285
-547 860
185 -478
-845 -678
849 -776
16
-791 -227
-537 -126
-116 402
641 -416
39 -436
-716 -198
175 125
713 -759
94 153
346 99
-919 -938
552 942
599 -926
-903 -727
-724 -327
-23 -163
8
792 -937
-317 194
704 268
-767 -732
904 387
444 382
101 -963
-524 -394
9
927 -313
798 480
-371 749
554 78
-977 -818
-896 0
19 551
-208 82
-414 -662
3
854 -428
407 -889
-689 -149
6
764 240
-679 -630
-24 -400
58 -226
-920 -961
-124 987
15
-101 -831
574 899
189 477
43 -377
-937 381
410 -730
-695 -183
-267 -383
-980 -422
-267 260
251 104
-763 851
-486 363
932 -95
-761 -729
8
490 -208
-699 389
-667 -870
-216 -43
-454 -482
-633 168
-177 536
901 792
5
-521 -474
168 730
982 757
933 -152
121 -783
10
712 -512
-519 203
281 134
-56 966
617 729
-77 -485
-753 642
683 422
178 936
215 86
16
-907 -745
-151 -573
-988 -218
275 485
0 380
550 840
-787 -247
473 700
-951 440
669 -870
-637 -816
-623 -642
-781 -848
536 -845
367 -25
-78 812
15
771 -761
594 -95
866 80
905 246
-370 -902
812 735
571 512
784 363
181 915
-921 365
-356 -563
936 -204
973 -909
-485 -52
365 -321
3
136 -82
-875 -607
136 557
12
-617 -461
-251 -453
-374 -328
-941 -590
-964 592
-323 -885
309 674
-448 245
-530 -123
336 338
-822 -299
-631 60
14
288 537
-418 -224
94 233
511 985
982 -942
-389 7
-883 374
43 709
-597 158
18 -923
-938 -385
-100 291
951 -410
469 4
16
-470 193
-401 -933
-872 376
514 361
-113 851
696 -54
-185 -297
415 -459
-902 477
-56 256
-505 22
670 463
-726 -39
414 -136
-217 -229
823 313
13
-577 732
-556 799
598 806
38 450
854 984
-383 -91
400 158
7 -123
-898 -385
724 476
-715 187
750 598
-46 -386
14
725 -210
-954 -959
213 -869
-514 364
729 -356
-598 531
-150 -261
-852 759
-509 306
-234 368
761 381
444 237
-982 -16
-12 616
3
954 998
-633 -256
-604 -592
6
-473 246
-975 -743
890 -572
-860 -260
519 -711
-149 -990
12
617 730
708 -2
174 -54
16 -490
-714 -15
-200 -408
-17 167
689 379
928 998
-741 174
-976 -484
417 -196
1
-491 -677
2
361 -315
245 330
16
-47 -319
589 -749
-951 -548
-463 34
604 130
-983 -228
171 749
52 169
-992 -774
545 -124
995 -299
884 -143
376 534
-782 -939
-221 900
-524 -916
6
-582 -312
-369 -130
577 665
-526 59
-965 598
-770 784
11
400 -856
229 297
372 576
999 256
-567 375
142 3
437 -727
-96 913
-642 485
-669 398
-884 553
16
-866 -620
-965 -831
978 -735
-695 -19
-983 -199
-438 315
-827 -862
666 781
-428 393
-76 927
-170 197
-169 96
907 -331
779 305
137 685
-367 271
2
-332 440
-605 285
2
376 655
-102 -710
11
423 -571
-12 205
353 -619
-519 280
564 678
-536 12
938 133
-209 595
-730 -524
-772 542
-107 248
7
289 -466
784 17
-811 -318
308 511
-894 -911
-149 663
794 584
1
74 148
15
890 -840
-888 23
304 708
646 780
936 540
26 537
-126 -685
-929 -342
332 -388
693 -8
-525 -849
81 326
814 -125
-90 958
-698 -589
5
-456 -77
-755 568
-773 -695
566 -640
-407 106
11
-870 980
701 -447
-9 385
165 36
-270 992
187 811
318 1
39 -419
-41 693
-8 443
-411 915
9
-843 -505
993 -925
-145 -61
181 -407
69 514
-354 623
-143 -969
140 893
-239 133
9
-75 -549
-919 -684
384 392
-639 -272
-165 -50
-4 -124
460 491
221 535
-302 -840
14
291 230
-417 937
205 440
968 -655
333 82
478 -587
-641 -718
-154 27
666 -410
388 -605
777 -310
391 -347
-498 234
875 -962
13
-613 107
223 617
690 160
-178 130
480 520
-185 -86
-2 228
273 280
-574 -348
299 16
-608 -954
145 83
437 799
2
-329 -974
975 -397
14
82 -822
-617 124
338 557
-394 170
77 421
-915 -572
1 710
-940 427
-637 359
-205 -245
757 941
-810 194
-908 776
-783 -530
8
172 235
538 350
618 -338
40 528
269 -437
-43 42
-352 737
-956 -290
7
823 73
509 -381
-819 267
-88 -629
-187 356
-501 383
826 -397
12
61 -859
-390 32
-197 650
-440 -576
-787 869
819 213
607 863
924 405
686 349
266 -343
530 -467
921 -746
4
277 -247
82 103
356 989
-483 849
8
549 -347
-398 -539
429 167
-670 248
-267 937
463 9
694 502
-642 -39
16
-759 846
-567 -505
545 710
600 -21
166 309
321 683
158 -728
584 -837
226 -955
593 -254
-273 193
831 -335
9 -160
-289 -489
550 -976
22 791
16
455 -362
768 518
-761 100
-316 548
-227 -281
-294 45
-697 -130
-376 -652
-185 722
75 -640
553 -908
369 -607
-196 -768
943 -172
255 -913
51 62
6
172 -420
316 -728
616 216
45 -665
-725 -558
-362 145
11
338 -688
140 -586
24 -307
-142 -254
438 -986
-22 734
195 -415
821 -754
-1000 -102
418 -420
-433 -958
6
783 87
-116 -942
882 523
555 300
213 -781
-559 979
13
486 -162
990 -75
-148 320
11 -601
-742 184
-354 -742
-918 -584
190 1
-541 739
-215 898
-376 -157
780 -501
-249 81
1
-30 874
13
-786 360
-470 -444
-363 734
877 648
-514 -865
-168 132
-255 267
900 935
-380 -641
675 405
-390 -349
-399 -610
150 352
16
214 -678
697 -94
-111 410
788 445
-953 875
674 -952
-639 -839
232 845
-94 -149
745 -158
472 -543
-131 229
67 520
830 809
22 534
985 -764
2
682 495
98 444
4
-105 492
510 -430
892 871
-269 124
5
638 -672
814 -168
800 -729
701 29
690 573
13
851 -405
-254 836
183 307
871 -322
-595 315
-686 653
159 824
-425 51
-952 658
-472 -884
648 -144
-718 -520
8 -95
6
-611 -405
-894 953
-201 53
-300 -365
-411 -641
-494 619
14
822 -715
-230 -19
-538 345
-615 -490
3 -87
-22 -348
-879 261
484 481
-834 -982
870 114
-524 824
913 882
-124 -452
-177 235
16
-558 -648
581 -272
474 -438
190 -181
299 -948
-825 -788
30 -173
-315 -357
-689 -834
-190 -319
-611 924
158 -435
-811 392
441 89
-785 28
-504 -343
6
-923 737
207 -8
279 -621
-709 331
-446 -144
-286 381
6
357 -956
708 -481
-274 -903
-205 -764
14 -16
628 -193
11
843 835
-78 -148
920 352
-410 480
-656 869
859 -13
553 -587
843 -733
-854 385
976 -458
445 -504
5
894 291
856 -92
-724 484
715 -298
679 902
9
-468 -825
328 474
655 672
695 866
-340 600
-369 -145
867 129
-760 -804
671 -963
5
292 931
983 148
191 -389
-367 -94
313 -336
10
290 196
336 -382
22 343
-357 -282
209 655
-330 840
-490 -110
-31 103
86 -8
140 778
13
424 -887
433 -385
-275 -582
874 -610
82 35
-968 -721
-277 3
653 -934
646 -277
627 653
394 819
-837 -716
140 266
11
-868 -593
148 -583
-817 613
850 -202
-662 -732
-328 -271
350 -941
113 981
134 -884
635 200
762 -642
12
415 752
-2 931
-612 -862
549 758
-729 -692
258 40
-509 -128
-110 290
210 510
-686 -709
-140 -626
405 194
5
521 181
61 636
539 -408
403 644
591 686
1
-919 236
16
-296 544
401 744
-964 -375
-14 678
-812 -504
992 -521
709 -282
-764 -97
-773 -890
-916 640
-902 975
-768 853
971 -825
540 -996
-743 -224
-501 -39
1
-748 58
5
-122 -956
-614 66
-459 -269
897 -750
449 -514
2
-972 -52
941 668
7
916 -747
-101 888
-572 -209
-756 37
919 95
-649 -408
347 409
5
-775 453
-609 643
-654 122
541 -52
-77 -621
6
-48 327
-606 -28
-275 -337
577 976
-97 -642
-232 147
4
39 -758
-902 631
589 507
636 -833
2
-621 810
-989 853
8
-40 -224
-566 765
-920 761
-488 53
-162 175
-18 -185
-570 340
935 577
1
-26 -829
3
-42 -888
-306 -406
-369 -641
14
-206 -630
178 -151
682 -694
284 800
-613 397
-688 792
-764 839
-226 51
-731 -533
-14 -802
555 960
-279 -259
-82 -167
787 864
10
-854 541
-389 -131
-281 460
-97 378
-256 -297
765 -506
367 909
-270 206
35 -867
827 502
16
-623 409
431 98
-849 -298
-716 938
-82 -899
-563 -540
-288 658
531 -476
-439 -91
621 617
26 -885
-16 287
197 -457
-677 330
-630 -823
-199 -252
4
-768 846
-910 286
-870 -972
-795 -417
2
17 295
-525 -452
13
389 810
441 6
-164 908
990 -876
105 -467
-201 -565
256 328
236 -996
267 820
-798 357
107 -315
738 664
268 -93
10
-84 383
933 88
-228 743
-471 -870
-420 -211
-880 56
894 6
855 -319
-738 535
-731 -382
4
-911 -180
-488 548
857 -398
564 126
7
-403 -958
245 -469
130 -631
-374 -989
-501 206
152 -29
-386 46
10
-531 -921
-761 -643
-652 -143
160 -563
-970 -976
-662 887
-21 902
365 -159
-148 407
-914 735
10
-193 -639
252 306
920 -596
-723 -466
802 -745
356 881
-154 713
-419 -944
225 19
-914 249
14
973 -420
611 339
421 -185
98 507
-450 -660
-686 264
944 972
184 -651
-398 718
-497 -143
74 -263
-945 139
318 -889
-636 -311
6
966 -602
-477 -454
-638 -786
-680 177
664 827
-920 -996
15
344 949
-182 -472
-350 420
-402 505
-371 -975
-758 -315
516 913
-204 881
-398 346
-801 1
-779 97
363 -565
417 -108
-901 597
-28 -544
12
-332 -243
261 548
407 -318
-501 -88
311 -476
507 -652
-960 420
497 -727
-978 -157
-176 375
64 922
90 851
12
983 950
288 307
-242 731
-672 515
345 876
274 -621
-625 -461
-958 251
-954 -609
292 818
888 917
840 83
7
568 -853
-336 -342
998 -293
-7 -700
996 -347
59 -921
333 -74
1
209 -799
12
937 -260
-802 188
138 -59
-168 -44
-171 102
148 912
844 -284
-589 -140
727 -591
567 72
61 915
-923 -528
12
410 399
-877 -28
952 -721
-91 44
-171 -551
-818 770
282 490
-401 -264
-362 -137
-420 707
274 440
786 -965
16
210 96
275 288
921 622
50 672
-903 -978
624 -624
-69 -332
205 733
202 -25
367 -308
926 -897
682 141
-317 389
-585 -525
527 -198
834 -262
12
461 -974
-828 435
76 844
533 451
820 -739
-618 -160
467 -533
-958 -206
834 -266
73 937
-584 -786
-28 -842
7
447 685
-864 634
-577 -613
447 -199
-89 -117
-770 -245
-584 681
16
-323 -585
767 -504
-117 809
643 69
-105 68
7 664
634 979
822 -384
427 859
-247 413
-717 492
-140 436
-596 743
666 511
-489 699
-561 541
4
-794 -611
350 -632
-616 -581
263 452
3
-73 87
758 101
-945 537
2
160 302
244 -347
3
32 409
-742 51
-80 -231
15
359 -338
569 566
404 -81
-714 788
691 549
241 821
-523 -320
579 578
87 468
-461 -752
-230 -865
253 285
520 -338
543 -429
582 -336
10
294 327
243 212
-269 -486
498 -481
-443 47
-888 -621
876 144
-690 807
-768 -869
-302 -168
6
186 -563
-462 -294
99 -919
629 33
-254 302
-673 -927
2
891 156
412 389
12
-679 -211
-508 -300
-335 636
363 -176
-780 494
523 52
-253 -291
489 286
767 -60
367 396
974 -887
50 -347
11
-700 -455
-954 -936
-714 -926
-615 75
-82 438
741 -446
-199 -435
-225 -705
-560 -821
42 501
669 -672
5
-391 -952
16 -65
-839 -581
941 52
-281 -162
11
-217 124
876 168
-800 -206
-42 -707
349 759
210 -524
-946 651
-345 97
504 -324
777 -227
286 825
14
-427 -661
-440 -134
743 279
704 193
-938 181
70 583
381 864
-459 -974
565 -699
236 -959
-293 239
49 -844
-256 725
934 869
4
-889 -990
937 -198
-429 155
-455 850
13
-909 -735
-959 161
-800 774
377 93
-848 295
746 388
688 -546
-20 -263
-38 -924
-537 248
-703 826
360 -693
-885 -838
15
271 60
81 -517
151 698
-124 -336
898 2
-607 343
154 688
90 -106
729 896
-774 -534
-142 -698
281 -893
-401 460
819 259
575 981
10
198 393
570 -967
-104 620
261 560
870 -737
-694 214
769 -654
-696 -336
-925 -800
-110 -458
3
545 -825
517 -504
635 336
12
563 670
-755 -239
63 -833
147 960
788 -592
872 658
24 -822
-128 -207
-475 528
809 -48
-920 -300
494 139
6
-978 8
93 657
-655 201
220 -985
446 -666
430 965
10
742 -895
-759 615
-884 617
-855 -12
-589 22
-131 -780
975 -51
272 821
-560 869
843 449
4
501 794
-484 73
-839 -686
407 943
8
240 686
-263 482
653 -147
99 798
-807 862
173 414
-565 148
-636 707
10
-196 929
517 -395
596 370
-249 -536
-557 -88
130 -797
-144 761
443 -458
-150 277
-453 -945
10
-655 -751
-57 870
663 378
18 -621
438 -308
536 719
-791 -859
315 931
-107 -869
-626 -843
14
-71 13
374 -627
907 -775
650 -546
-368 -269
152 -119
675 22
-103 53
-607 276
-157 437
164 -438
646 306
-771 929
-801 -640
16
-644 973
585 722
348 958
981 925
960 -564
-91 44
940 791
-281 -38
40 -876
707 -332
-32 144
833 882
142 139
-888 71
690 -176
727 -602
15
312 -528
-502 622
-546 -225
934 242
684 -22
182 827
697 -504
-133 -826
-796 888
142 700
-927 24
-157 564
136 914
254 961
993 -996
8
305 -523
609 279
283 -264
214 -475
-580 -808
-941 -400
-758 -93
819 -584
8
707 558
164 780
-66 -993
344 -577
-727 -50
-264 -733
307 847
924 -864
1
204 419
1
-582 -704
5
-38 -293
-732 204
614 -912
620 430
-853 530
3
-720 -535
-47 976
240 226
16
976 845
-414 -825
770 -278
-665 326
-507 231
-904 141
-101 58
848 520
-385 814
608 -765
596 -893
-882 -810
-613 -65
143 -636
-825 -278
643 -497
8
-419 30
-311 655
365 -633
-852 -52
-537 641
847 522
489 367
-863 655
16
-276 252
435 194
794 -826
-871 290
-110 -344
-636 -115
159 283
466 -811
973 121
906 -660
621 -146
156 262
-298 -322
103 -579
167 111
749 -757
12
536 438
-491 -938
919 -849
-47 -424
-485 838
735 799
657 -723
-876 130
-817 -536
-248 38
620 -634
-908 -350
15
-135 -831
-67 -386
-235 648
-498 -445
-491 -435
-526 -339
870 50
176 708
138 327
717 767
451 -152
950 -732
952 340
-760 -330
784 243
13
-350 412
425 616
-471 73
-881 84
583 36
559 -756
-94 -39
772 -34
-901 100
36 866
-97 884
-831 171
-812 861
5
-142 646
-345 351
-352 -581
-224 -736
-51 -798
16
-615 -863
-877 944
-267 29
258 -495
-652 357
957 384
576 -139
620 -903
-616 -840
-690 -852
18 -692
155 -279
-44 927
850 221
228 -948
956 613
14
-920 910
274 461
168 779
-839 -123
-911 897
-195 302
869 -98
686 -971
565 835
400 873
342 -879
-170 269
971 -949
-503 -625
8
-889 -84
-209 -979
-810 -395
541 -678
-234 -582
-589 16
224 -935
-115 -522
8
-85 -957
938 -685
917 281
-212 -253
-450 112
150 48
487 861
511 -244
14
884 298
258 425
620 -624
843 -617
392 419
-552 -370
898 -448
545 941
-510 -788
-790 -877
0 309
26 -888
-189 -574
952 -327
2
60 326
821 -642
9
598 -669
664 441
66 409
-139 867
-961 111
-581 584
404 261
-852 615
737 148
13
-237 613
-912 189
917 -239
478 -23
-561 299
687 727
-103 -630
391 -310
437 -200
903 656
191 14
-573 -225
-581 688
12
-614 777
-224 662
-460 -611
750 729
-342 -137
559 987
654 -142
-974 381
-893 -603
125 150
-814 -723
53 842
14
-580 -731
-404 191
-691 872
577 -913
-352 591
-21 389
342 61
-953 -443
-380 -614
-788 831
-588 593
-710 -191
70 440
-5 348
15
189 -183
618 810
413 -191
-880 637
-614 -441
-715 977
538 -974
671 -401
-927 -419
220 -189
-207 51
224 -262
693 -967
809 134
381 509
13
-78 -322
950 -267
-909 111
-147 -919
849 764
-282 -822
302 -255
850 -746
170 -217
474 982
576 -123
206 -334
-78 591
12
-944 324
-664 -260
-753 14
42 -20
458 -847
-815 539
-998 949
-743 -819
251 2
-617 505
-475 166
331 -493
7
-440 713
760 483
656 -412
891 -19
276 -16
228 -709
-974 -792
6
-468 -607
992 -466
-658 -399
67 945
956 450
803 -519
9
486 -12
-938 -953
53 823
882 -291
-237 -875
690 -609
109 270
34 488
830 135
5
-777 127
-94 -83
729 974
215 685
776 18
7
-255 -496
506 159
-97 -441
334 137
620 -551
615 311
-159 76
6
875 -436
-236 11
-64 339
-510 843
-743 -429
-831 824
1
-703 -158
7
394 698
-368 -446
-46 191
-760 -557
-188 -310
-942 -525
531 135
1
406 -949
13
-231 -12
512 260
183 -879
831 704
945 -560
-999 139
566 396
189 -801
-698 -857
390 -458
-413 -446
232 -3
29 -237
5
-210 -478
-816 314
291 524
178 -97
-293 651
16
-589 596
527 -236
87 93
-840 -723
292 -186
-228 35
709 711
941 -59
-291 -29
-943 193
-887 -69
729 427
-778 253
-394 126
960 -743
-787 -277
15
740 488
645 185
-1000 -726
-170 -185
47 -783
-476 110
-842 817
-829 481
-774 365
594 157
94 374
380 -652
-668 -142
-340 -59
423 384
12
163 224
145 -300
224 419
530 -609
-182 747
267 929
-742 85
-900 739
663 817
686 -179
-88 60
-447 612
1
763 -376
14
186 -992
-815 -299
584 330
401 -191
-251 284
552 568
383 -180
849 641
905 949
733 920
767 771
-259 31
183 294
-5 -73
2
619 612
-405 980
6
296 564
479 -302
-627 -771
982 926
-851 717
98 998
16
355 -701
444 275
-582 215
-983 801
-602 663
-204 325
73 -584
289 668
-604 439
-35 960
-82 -985
-314 499
-651 -36
-1000 -934
-938 -650
777 417
11
221 44
420 -212
61 222
186 77
-630 -137
-850 -214
-495 -830
534 944
135 495
214 502
-467 -286
12
849 66
-730 -737
417 -953
680 -581
621 -276
-809 -591
-862 413
948 215
-864 163
717 -78
-980 887
-191 -684
16
-344 531
-123 189
-403 -271
390 663
-1 653
80 398
685 851
19 -591
-957 781
-101 808
-919 -534
944 596
-817 219
617 -929
-972 933
446 -316
9
-677 -775
-587 404
615 -571
-245 620
861 -846
305 713
525 -934
756 658
-34 916
12
432 861
688 968
80 657
-609 460
590 837
-504 759
-488 73
-476 917
40 -47
-328 -340
167 178
965 -120
1
-969 -12
11
349 -96
-546 134
117 -858
102 -451
799 493
-991 741
682 -143
852 -806
930 -623
-537 -30
682 136
15
-151 -686
947 -919
370 -669
421 733
680 -322
-461 -186
795 33
-732 -655
184 -887
-294 -75
795 564
130 -658
494 507
-195 -183
541 -707
16
-609 -40
-253 -176
-670 78
-754 -585
110 -76
-46 925
-281 987
-455 416
171 -341
-877 -551
-546 687
579 -204
533 438
602 -298
-21 -753
502 722
8
-399 -453
538 -969
145 953
141 -931
260 418
140 247
964 -443
-581 -25
9
220 429
71 -201
-422 -396
-411 -468
659 568
-221 513
643 987
-534 -810
877 -503
8
-818 990
756 442
761 -104
-310 -923
805 461
52 -163
-319 -167
908 832
4
-135 -227
943 -476
-659 75
-963 984
7
-497 -474
291 352
-787 473
342 969
-84 455
-134 958
532 -329
12
-416 861
-548 418
769 -364
181 -366
409 477
158 -898
-448 547
-561 966
-598 -35
609 754
531 82
449 500
15
-96 -282
-692 -211
390 -921
373 603
-117 143
372 519
-675 -993
280 -846
517 383
-294 417
-826 -328
819 491
-719 926
22 715
375 -477
3
-369 241
-274 420
-17 158
11
-414 -607
-359 959
913 318
-682 545
472 -813
280 -822
956 454
202 776
-54 835
-946 968
551 429
12
969 -588
-915 47
833 68
-443 331
-993 -49
972 -682
216 291
-364 -239
-237 175
-958 -58
132 848
-504 260
11
-668 314
115 -765
95 958
-444 507
-957 603
692 464
-487 23
471 464
-4 789
-320 -713
-223 793
11
-696 -813
-656 436
-964 -159
48 182
525 -638
-351 760
809 -392
-684 317
3 -729
9 -533
-216 -615
3
-752 733
-921 280
-980 208
3
422 513
613 -881
301 -999
1
-650 536
6
64 -815
-403 -126
-207 265
-457 797
536 904
-384 -327
2
-93 273
-978 338
11
-606 -453
-668 -831
-588 945
-360 713
-701 952
-585 835
141 480
-980 -910
-294 166
355 249
315 -109
2
931 564
795 -162
7
-831 -823
744 -84
76 -924
437 488
-627 -923
553 -328
-619 969
12
522 801
-120 612
-493 -954
-33 -892
361 -790
613 292
-873 408
-517 317
930 12
413 -154
-912 841
-717 928
7
-288 481
239 93
450 746
-33 603
-374 -421
-538 24
898 -430
2
-540 -816
-970 -413
9
-487 -744
-774 525
669 424
965 510
707 893
-923 -581
726 316
864 177
414 -169
13
-607 762
595 417
660 -835
803 -527
-299 833
60 -2
-654 317
224 -777
338 -351
-460 201
-292 -567
278 480
-489 -54
1
688 -640
1
-179 -247
3
-232 -477
-697 -67
-674 -224
4
-841 -812
-15 -143
857 -439
432 196
11
972 -251
-377 -243
-973 -897
268 325
799 309
-963 -673
-518 -209
-30 250
314 625
-465 992
-599 -478
8
-411 859
712 -201
-579 144
995 -665
468 -256
-42 -423
123 61
-803 -200
14
858 -163
892 -308
628 -138
942 294
-513 -170
638 240
352 -859
-818 564
853 -19
985 349
328 -328
169 -576
631 -902
899 44
9
-301 -743
-494 536
-850 199
517 364
493 163
-796 -325
-198 444
-620 -57
978 944
14
-41 -719
-150 -361
-47 -628
415 -416
-530 314
981 118
-987 -762
977 902
-260 528
419 -543
373 -418
-339 -951
384 -543
-571 -320
5
-627 -819
747 6
31 -613
959 403
802 -104
3
469 -123
696 482
467 673
9
-440 201
155 17
-425 738
678 -24
474 -865
405 -494
-429 -870
39 -681
136 -577
3
447 826
212 -305
-596 -319
5
-899 -484
392 774
-748 952
328 408
-31 903
11
-1 231
324 134
-364 -817
-942 118
222 -271
-394 645
787 -595
824 351
101 -772
-967 25
-319 -99
2
-544 153
-279 784
2
-958 -961
-589 41
7
-912 -472
-742 -729
-414 728
845 315
-666 491
454 91
667 157
1
-753 542
3
-71 -557
987 385
597 -291
2
-138 103
912 274
2
534 714
-327 792
2
611 872
-818 -74
15
-975 -268
649 692
889 842
940 432
412 -131
-773 751
-394 -824
-188 -521
39 916
-609 -687
-939 925
-621 86
-931 -284
-303 941
250 975
4
276 -293
-852 320
-52 -658
612 -268
11
-519 -40
858 439
136 -330
-730 -825
-414 -339
-160 -1
-62 571
-915 359
-713 134
652 538
109 -497
15
-832 4
-514 469
346 -901
-799 453
-68 513
663 -276
-350 -667
-6 177
272 -992
-630 -729
298 941
-291 -342
-771 -805
-338 -881
305 166
6
825 -830
-877 294
868 -426
496 673
859 9
336 -417
12
670 929
541 -58
937 911
565 236
852 -374
-754 -567
-178 -92
-448 -521
-574 -811
-696 -404
-335 599
-535 591
8
-862 450
-544 475
-615 -180
497 -685
-639 -209
-396 -728
-292 -808
-876 335
7
-442 -491
-949 462
-12 -523
-996 644
74 -331
243 891
-388 -310
14
-937 499
-792 -200
-681 705
467 32
-152 -928
304 557
-384 780
244 407
-310 -895
458 -495
93 935
-491 89
361 530
-667 604
15
375 986
-443 -126
-806 358
545 -748
-175 -423
100 249
-767 9
-782 -986
-747 625
56 -290
435 561
-845 722
-930 245
436 952
578 40
16
305 26
4 -820
573 -638
-923 825
540 -345
-75 141
240 935
359 254
-460 336
-337 603
123 -776
758 198
-353 3
-366 -401
-67 -974
-306 -761
14
-949 -581
-22 -587
-152 -197
-695 503
-920 447
96 -633
158 -298
260 -153
365 -137
970 590
-379 168
-763 625
-846 -164
-90 -819
12
149 586
934 920
-84 -301
-231 719
357 -376
-849 156
720 -481
-686 -577
779 161
788 -358
484 730
615 4
16
240 159
156 -497
692 391
652 630
677 573
-454 -272
-306 -383
-915 318
-232 241
391 287
908 814
66 421
954 -940
-95 685
676 910
-996 268
14
512 771
113 255
424 -257
284 349
289 -987
-957 906
-550 713
-326 -956
104 -686
952 270
732 373
577 793
-369 262
469 -459
3
89 962
483 -139
75 -262
14
-830 -625
-662 459
-612 -267
717 190
-554 -257
234 903
409 538
525 142
264 102
-65 895
-284 -244
-564 -313
845 -250
-830 58
2
260 -953
-653 635
2
-842 -625
118 -773
15
917 322
152 -828
-268 -309
697 874
955 -200
-191 -798
868 917
-10 -445
762 740
-275 173
-731 -662
220 -384
973 958
126 -299
76 353
12
345 -325
-877 517
407 166
215 281
473 -633
-558 675
-765 -641
-335 -209
-526 -595
868 999
26 -794
219 642
5
177 -232
585 -394
-527 -796
951 149
-321 469
13
846 36
-458 319
755 -16
-5 990
696 660
133 -478
-582 354
-479 444
560 -908
439 -556
270 -441
-971 -772
33 -415
4
-466 265
-1000 442
463 388
-664 -218
8
673 -871
486 369
-858 -381
-757 -88
973 -236
-292 886
208 -853
-670 -170
4
-288 58
-908 297
590 -22
-86 942
5
-623 331
109 512
-526 -218
641 960
-497 783
5
-254 -305
-95 862
756 143
70 903
474 -747
3
-462 311
758 835
-99 -264
15
-156 861
831 -473
-30 343
1 -896
-15 314
-393 120
-754 705
-832 503
919 924
-353 341
-821 -527
594 494
11 -94
604 198
-841 -659
13
355 -798
-516 882
524 827
236 628
164 -450
-413 -715
148 -356
-547 -349
-437 -271
650 904
260 -525
851 -246
486 109
8
37 268
52 689
-24 606
-827 -142
482 -647
-554 110
517 -4
-951 802
1
-307 -393
13
608 688
150 512
-51 626
715 -945
464 -176
-234 -499
-555 -830
-457 421
776 -284
-369 258
421 430
-280 -61
-222 121
6
275 814
-947 -225
774 741
-723 287
-310 903
354 98
9
-821 864
-779 -24
-965 -236
-603 -837
833 380
774 606
-190 -154
-455 589
968 639
1
-866 692
8
909 785
-732 548
-172 -476
-98 926
-756 433
-858 -183
-591 -823
582 158
6
767 -109
-533 373
-947 313
-729 994
633 -738
210 -880
3
553 -971
-909 -826
929 -81
11
183 -155
-58 -383
340 759
378 517
693 -111
-790 812
780 29
538 833
-657 -839
828 -672
-577 390
1
-271 -56
14
-180 118
-242 740
-832 942
-63 462
-89 -723
573 -711
-853 267
178 -291
431 310
739 321
496 -566
482 676
-238 905
66 563
11
-638 -608
455 480
151 547
-1000 445
-164 462
-644 466
36 -3
965 -345
-824 -326
-914 838
-587 408
7
199 242
10 -686
148 -923
877 -866
-209 -731
941 -376
772 840
1
217 -323
8
925 -505
475 -77
-540 -870
451 134
-432 289
900 -672
-376 451
571 986
6
71 -937
642 205
-145 -736
147 479
-612 -13
-545 606
1
-106 883
16
-631 -194
323 -501
-743 -542
68 547
-290 748
-477 -839
319 -491
-721 -610
-75 -727
948 -868
-111 447
963 278
-566 -582
236 -197
313 119
666 682
7
-10 -466
-817 800
954 -918
-138 702
-395 375
374 467
654 764
9
928 -936
-476 -183
511 -161
-553 -702
257 683
101 -78
-197 119
-395 81
-891 491
1
-739 445
4
123 499
-344 -501
-127 -877
-847 -10
4
-567 54
391 603
-434 -770
-950 216
1
734 -331
11
-463 788
719 970
898 210
234 -841
7 285
283 -493
942 -866
380 -935
-713 -630
-67 73
425 -324
5
-657 259
-274 559
99 -540
-772 861
349 -984
14
319 -734
143 -94
-222 -849
-809 -587
-342 -515
-453 -962
-449 186
-591 836
-741 -814
-136 -65
-471 -877
-986 -560
222 -174
20 436
1
36 369
8
655 -488
105 -567
15 649
-154 673
-866 393
-936 37
-421 -175
225 191
4
-910 -522
892 -787
-508 -316
788 671
9
224 -801
92 -55
-602 -253
457 504
532 -175
505 -622
-502 991
-877 -86
381 55
12
-394 -754
102 48
76 346
262 569
-970 402
240 -914
-374 791
179 923
-811 -722
732 -955
811 -443
550 -459
1
542 -335
3
275 -928
-586 881
-682 516
3
394 215
-456 315
597 946
12
684 -76
-302 215
-153 -112
845 -69
-67 -992
489 -164
-450 -103
-270 567
571 -995
639 985
886 -691
854 168
8
421 -936
371 18
-638 -370
54 638
329 -731
-163 -431
-533 769
854 -525
11
-310 377
-493 420
-56 -922
777 -65
-584 664
596 -378
184 652
-957 601
375 413
963 -995
-532 602
7
89 -561
-745 556
-792 -890
-968 818
152 409
-675 -75
-294 -244
15
993 524
-282 590
-502 903
242 -459
856 -31
-694 819
-26 -226
773 -339
864 -787
268 420
-227 730
804 -56
-117 566
621 808
-728 -271
15
-383 -747
581 -793
-249 484
801 644
340 -230
951 511
745 77
285 -242
293 850
-622 66
-25 -891
-130 -729
344 -212
893 152
60 -378
15
-970 228
595 -763
-669 431
-961 -672
123 161
-369 -13
258 708
-728 -984
354 -526
-253 -580
801 -144
642 -927
-800 -569
966 704
843 -60
7
873 -480
-982 -889
-148 801
-498 532
277 663
-837 -736
-78 871
9
290 225
714 -611
997 515
245 640
588 797
-929 906
853 914
-153 -724
788 719
7
-749 -429
-553 -247
-545 724
-232 -382
-660 -958
-158 228
685 -581
15
-926 -583
-190 672
-943 -602
821 -520
-343 675
-254 856
951 -466
575 -403
137 -501
44 -758
-46 121
11 573
461 405
-585 42
90 186
1
165 603
11
189 -988
897 10
-508 -94
-315 239
-238 -12
-875 -663
585 263
-164 -18
505 -857
-897 -132
716 916
3
-517 310
364 669
647 -119
10
145 -930
637 394
433 -518
-700 -882
721 62
459 -802
752 396
813 -60
-622 319
83 -167
12
-201 102
-187 634
-588 -470
304 -941
411 -71
557 834
-82 303
619 400
604 -911
473 18
548 672
122 -55
14
-937 675
508 146
-139 -952
-702 963
-139 932
-625 743
588 -213
507 -131
-304 693
788 999
312 540
603 401
14 -26
-50 38
1
-753 -125
16
922 -616
658 -217
-568 956
98 645
-760 474
741 -819
-387 248
50 309
-59 190
308 -395
83 264
-994 -903
-762 308
135 -314
555 -638
198 478
11
-144 -387
530 164
712 528
404 538
621 937
-849 -131
340 812
-838 -118
120 -233
965 -264
-227 -938
15
-918 549
-987 989
-736 211
819 10
-933 -567
-107 231
-503 -227
-13 -613
-606 277
-110 615
-383 -298
777 499
-826 -104
465 -89
-979 879
14
-545 429
-750 -555
693 461
-736 55
880 49
-700 463
898 425
-197 -363
-829 -920
527 786
49 -419
915 -452
108 -189
-635 -629
2
-755 -392
640 -974
12
-915 719
24 -298
126 257
-897 779
-280 -998
204 875
-361 376
955 -481
514 356
452 430
905 -440
-407 -378
4
778 -133
540 419
-107 103
856 -36
16
-90 -557
384 14
-778 -543
16 778
-668 -993
506 -360
-122 373
996 -669
-197 -747
-109 748
-124 823
879 -905
715 650
341 170
506 -343
297 -583
13
34 783
674 843
-201 805
-473 158
311 519
-963 36
868 -632
839 -879
611 940
349 434
819 797
501 469
138 -329
16
795 -679
744 -104
707 527
-78 550
-322 -273
-571 -811
-609 949
-422 427
817 -54
619 -710
-443 911
992 -656
730 789
-803 199
-73 -131
-474 74
7
-377 -678
249 -498
245 151
533 -676
580 -926
67 881
-348 -153
3
950 -182
-659 -493
-271 -315
4
-541 -526
401 -990
753 -378
-112 -173
5
511 502
413 -634
-253 -84
-749 423
-152 -675
12
82 -23
690 132
-73 -492
825 786
237 -490
-10 -952
336 -257
-942 89
717 -54
-731 881
-190 771
646 528
7
-86 779
-355 762
-896 488
-156 81
178 977
-992 -962
-846 -854
12
-335 136
675 -999
-769 -915
443 948
32 712
-819 -806
835 827
722 57
-259 501
702 -144
605 191
700 38
2
-971 398
-240 -816
9
-613 201
33 -585
202 264
-500 -355
565 884
-291 746
-922 -104
926 -848
953 -333
6
656 523
610 199
576 0
920 957
-602 32
-859 943
13
342 328
-813 -103
-56 -313
894 -491
-428 -44
-392 2
852 -466
155 -842
553 160
814 429
123 365
5 -525
285 -38
11
-682 456
169 -910
150 -503
-723 -953
793 316
-706 -697
888 250
-89 243
454 797
-602 612
350 910
3
-221 385
143 -864
861 -571
12
87 99
-93 -392
541 -943
457 -830
-543 250
486 103
905 727
-647 -184
-30 807
-387 720
420 -684
982 198
8
720 -658
232 581
123 -317
20 -426
942 628
-533 -649
437 -363
-192 -313
12
911 -407
-798 -384
761 524
-224 -273
596 -452
43 579
746 -510
651 -560
-926 584
915 -243
-396 -159
51 -416
13
403 -979
945 -437
60 -227
-173 -995
327 443
-881 -148
-781 -154
-200 -233
-759 -269
-134 83
-618 658
158 966
574 -733
11
-233 319
506 -924
-278 879
-627 637
292 146
-536 297
-526 908
768 678
-521 -34
-522 599
207 210
2
-709 944
-525 801
8
-599 -932
-167 169
387 -308
245 -539
-429 618
-901 863
-235 -437
513 591
8
281 269
655 -752
-901 254
807 661
-929 -550
606 -454
-749 869
-52 -680
15
-531 -941
746 714
-127 -682
684 324
-467 -199
-761 -602
-608 63
680 -987
70 -720
-887 -676
-913 -874
-253 -462
732 293
-211 953
-407 461
1
414 873
3
128 -254
424 165
-930 -690
15
-691 -292
-641 724
-260 -276
-206 20
189 470
108 316
-783 998
400 863
139 354
-544 -47
-638 871
-174 468
351 572
245 -484
994 555
4
-697 -385
546 -620
356 -730
174 -272
5
-355 -812
-224 214
-814 -472
77 678
882 534
8
-404 757
457 -583
460 381
662 -671
727 569
164 -970
-464 -290
-238 892
5
937 -27
-208 -66
161 920
-852 700
-551 226
3
-317 112
-639 280
221 -830
2
33 903
711 362
15
280 -122
-988 816
588 -225
-939 273
64 34
-935 998
-453 -662
-502 -401
139 724
-671 822
188 -310
454 -239
212 151
795 115
214 509
10
-506 -612
-242 -337
-672 885
76 601
-51 -538
-981 -53
9 -643
797 609
496 522
938 670
7
-19 125
824 -807
-372 971
309 843
480 -594
-311 868
516 352
6
401 -572
-850 -650
-110 -479
649 -748
-122 447
-787 -274
10
-849 -603
-617 484
522 -441
678 -498
-470 -13
-655 -637
745 35
-417 262
-261 132
-337 520
4
14 -238
-844 -337
366 35
-890 579
2
783 -917
-490 -833
16
-616 78
245 -113
961 -416
584 -676
-670 -29
-93 592
-937 -960
-393 583
-973 621
-303 -817
-363 -936
570 99
643 684
-117 726
-454 402
294 283
1
-109 -478
10
476 -894
117 -842
430 -975
750 493
-583 -643
76 -556
-669 773
-21 320
-811 -450
-581 833
11
302 559
132 56
205 -233
537 -903
289 -670
925 748
448 -917
178 825
833 23
-758 -458
-901 38
10
-776 -983
-455 -234
-433 -35
-401 505
-381 -490
-362 -972
-932 757
565 -835
47 -753
-910 147
16
-827 -323
872 -642
700 -534
252 -849
504 -170
-273 874
375 493
-207 -308
-908 -701
664 -45
289 692
23 46
609 188
-555 856
630 592
-744 -845
14
-520 -487
969 -53
-883 -880
-197 -53
-152 29
-325 -659
823 367
-214 -878
383 741
763 75
-236 -191
36 -696
255 245
934 199
14
-911 469
981 -46
438 280
423 911
-564 -629
111 465
398 804
640 -235
-410 -886
-499 -669
877 928
447 39
-35 751
-706 -790
6
493 711
-874 314
-956 432
105 325
-144 16
-887 579
16
930 -23
-717 571
-906 -126
685 -405
557 915
-476 5
-46 489
108 248
699 146
93 762
624 -240
-842 57
865 835
-735 233
948 844
712 879
6
995 802
-85 221
487 863
131 754
-613 -864
-292 -772
13
-692 -721
-258 402
-607 -281
-486 -449
-872 -621
-613 -607
964 -665
-411 676
-434 762
-977 -632
29 597
-792 -108
-272 962
16
216 -329
859 -188
-21 -510
907 -267
-117 -374
247 435
106 978
822 499
942 -491
-560 970
76 -798
994 796
231 591
-996 -524
-681 -681
-893 535
15
-681 -301
-679 -191
-394 407
693 584
6 480
-310 -15
302 -459
-73 -837
-19 -102
239 183
244 36
-233 187
392 243
858 711
702 745
14
-979 -556
375 183
403 134
228 -13
-860 -292
-970 125
-638 -429
-595 -475
905 655
-883 440
-101 505
-793 -914
-103 802
-704 -391
2
-959 -986
526 -515
14
-291 888
-125 937
228 16
-3 258
-507 359
-819 -102
-763 -914
-447 -646
527 804
859 -914
-758 108
-759 -462
-931 746
-421 -916
9
417 825
-314 305
-299 -377
-115 -931
973 -505
-438 684
-323 461
921 115
-634 -373
3
-829 -514
433 -587
947 674
9
-984 420
883 -900
396 300
926 -918
-42 -21
58 843
48 31
-309 610
-285 720
16
-363 -165
790 264
-818 -687
-897 615
78 -950
641 -618
-582 61
-382 -481
-543 918
-203 -108
228 776
950 424
-176 -19
-885 -214
696 835
-790 -315
15
-1000 -698
204 -335
-243 171
743 159
-188 -874
577 -775
96 -552
35 14
245 927
-757 373
877 -981
-451 210
-866 336
-94 -679
898 944
16
898 -402
-100 -85
707 -577
-342 -134
588 136
-205 813
-768 244
200 599
-159 127
-806 -433
356 -787
116 -434
-653 -196
825 20
-298 769
-637 -48
16
615 867
-574 -609
-474 644
979 -986
-561 -856
-401 -965
345 -802
229 -176
-608 796
-819 -395
264 -253
304 -931
-428 -676
-229 -307
39 724
764 7
8
-810 398
-531 834
729 -516
-374 873
83 13
570 633
-758 -605
-975 -610
1
-18 655
12
-362 724
-400 -38
-505 645
-647 -781
410 712
-837 600
110 -368
787 191
468 -235
65 -97
778 -13
-464 -627
7
-87 -237
-690 895
-582 986
-115 -858
-62 847
-10 -417
-447 209
10
-735 724
946 728
-291 -915
-81 -823
-150 -664
81 -372
324 969
1 58
-117 -883
369 130
8
707 -984
-322 -355
-785 -980
228 -232
581 574
386 306
520 114
-985 605
2
-808 -193
-278 625
12
-602 947
141 456
-170 258
-175 -688
793 -468
-672 -177
529 -104
195 110
-984 -223
-316 402
-917 -444
-132 -902
2
606 -358
320 -320
13
459 78
-433 -400
-466 749
-790 712
-587 -644
-404 94
531 -874
990 -273
588 -994
504 -728
761 587
-172 -19
-963 341
12
-321 13
619 651
-528 -303
-430 73
584 -681
635 648
-267 991
-756 827
523 -278
-831 -750
-690 -473
754 -66
1
693 762
7
730 455
-439 -239
-532 -819
-587 293
230 335
-282 166
655 -647
15
-260 -655
59 -81
868 -867
440 -530
-204 967
-776 730
-392 -731
845 -418
999 300
495 112
-879 676
877 414
259 213
-516 -575
-132 -163
9
960 534
-349 231
754 136
-329 -776
932 -362
-200 -985
598 69
860 -820
68 512
13
-819 633
704 -942
399 -37
623 883
741 -157
73 333
-197 -393
-664 -614
-638 472
57 -62
757 -952
739 772
646 -192
1
827 -771
9
855 -590
482 559
-180 -119
-125 -204
117 -384
639 -458
-699 -557
501 -363
181 863
14
-761 154
-782 -713
-107 -658
-715 701
-674 -536
930 823
-681 -308
657 -769
865 -462
106 -339
-993 -926
-700 -99
-625 95
-597 364
6
-382 825
-132 772
-604 507
-335 -262
792 -633
65 -743
10
240 -424
342 -103
-193 559
787 -735
-780 -853
-309 -128
48 418
-680 451
-218 -51
-930 -40
10
-806 356
676 -140
-906 468
579 511
725 -772
103 -346
922 -1000
813 481
-860 -569
-947 -361
3
278 687
-459 598
491 675
4
913 -365
68 -893
991 -256
-33 -562
5
-454 949
-710 127
53 296
49 405
461 -117
10
892 288
-464 367
-434 -424
-740 -484
-933 935
767 980
-77 -165
-913 266
579 407
704 792
2
-994 -566
432 411
3
-518 168
543 717
66 436
14
954 -197
924 -470
63 -208
-403 350
-440 -71
-727 395
17 540
-25 -224
596 119
-271 602
905 -486
13 987
-4 -466
530 65
1
-34 -930
3
-879 -654
-563 184
139 386
8
699 -684
160 94
685 -300
-579 -539
-351 540
542 -749
797 -944
617 784
13
-849 315
-531 -897
-719 -108
-991 -597
238 -202
939 -623
-815 -174
-572 -499
987 875
-814 39
-704 -353
688 -811
-811 -708
3
-754 -739
771 650
-236 86
9
219 719
364 228
-878 -398
-621 -586
332 -436
240 760
417 579
635 955
-381 -716
11
-341 -527
143 -49
-189 741
564 -418
744 -672
-980 -784
547 740
932 128
-786 -466
507 -372
-782 -577
14
-669 840
800 966
795 -229
-398 -251
783 427
-756 86
-761 -662
-349 -179
-566 -21
194 2
-473 286
-66 -993
500 820
514 -519
8
-711 -298
-630 -519
-146 -312
-372 978
643 729
761 70
973 -153
309 -337
11
-517 97
-170 677
-549 709
-37 385
716 -185
558 582
296 597
871 -650
-681 -648
557 359
-20 535
11
-291 648
-575 34
-505 734
-950 -654
-431 499
528 -754
951 237
561 688
305 -271
246 -113
-975 195
7
-272 514
814 -363
226 146
-476 -420
-793 -828
5 241
19 92
12
717 661
143 245
-740 94
-166 821
-218 -509
-450 -619
730 -72
576 -160
-992 91
6 -355
-331 -848
521 249
8
-955 -393
-695 64
699 948
134 360
91 -269
972 -463
918 794
672 -591
9
-947 -860
976 629
332 984
72 -309
-19 -907
195 -146
695 907
-101 -698
-788 -684
2
-840 450
-935 604
6
-962 -859
-549 -816
-835 213
-120 -782
353 -143
-800 37
10
272 728
-473 718
-76 381
413 -169
-719 715
43 -403
-580 555
-601 -163
159 -68
-125 653
9
59 818
-403 -708
-963 -698
501 -411
691 -306
-787 420
221 931
-304 -397
344 879
5
411 274
833 831
-171 -768
-331 989
164 896
11
-100 308
812 849
600 -799
-497 101
-210 -805
-853 4
967 369
-65 -337
-676 -368
-458 912
-957 816
2
-773 -3
-671 248
11
845 144
332 98
-196 145
-53 -596
698 451
857 -511
646 -995
493 613
726 -220
-372 -598
412 522
11
808 690
-589 -965
-313 -260
635 -622
-415 131
710 683
936 207
-17 -660
-94 -214
-450 395
-216 -445
9
-603 -367
-628 377
387 -863
-101 701
945 -411
-888 -668
628 204
967 -994
-859 98
6
-823 34
276 160
727 -818
946 -723
929 82
184 521
8
817 -754
208 204
-617 -541
257 -672
400 721
-340 28
-75 -21
387 418
14
456 595
464 -268
107 191
267 405
468 548
-513 4
70 -682
173 316
526 -623
699 985
986 -621
385 707
391 -234
-16 -630
10
-598 -553
609 998
-737 -307
457 454
960 -137
274 509
350 -722
-69 669
451 -401
547 -820
11
885 -834
29 622
-775 -580
-612 209
142 -107
964 941
-498 -686
-795 548
771 659
508 -366
-66 369
2
564 -700
-994 16
4
553 196
549 438
715 -70
413 940
7
801 502
-156 47
818 -214
549 -868
-9 97
903 2
-42 -462
1
-673 -125
14
-20 233
-131 -769
-214 -583
781 -423
-868 -289
990 -575
-586 -857
-721 610
190 -903
-604 92
-771 739
-459 -516
94 851
374 382
4
-751 235
511 482
-544 742
-379 -126
4
550 358
-61 892
-865 705
-613 -234
4
930 -137
-936 22
444 803
915 929
2
767 303
-368 -702
2
867 -839
739 -324
16
-288 550
779 -386
260 -282
-494 748
-577 246
-486 -910
176 730
-846 -450
174 -690
-183 455
559 -416
111 -457
234 368
-589 395
107 439
651 820
14
782 -214
-399 -500
293 -651
275 -109
216 717
-933 -54
872 -31
-528 -466
786 928
-555 -277
391 -11
957 -241
752 705
866 191
13
-962 -468
490 -175
133 -658
-530 835
617 361
51 686
780 -651
558 -251
-179 -556
-113 101
-110 610
-508 879
920 251
16
977 470
174 685
860 706
175 37
191 517
507 26
486 220
-571 172
352 -222
83 -547
952 527
341 53
-231 -49
898 0
-129 501
-17 -152
12
-843 -115
184 863
-940 -427
55 577
-919 -567
415 653
215 -412
358 -655
671 811
-703 550
152 703
-680 -896
2
320 327
454 -696
1
-222 -187
6
-686 29
474 -113
-564 403
320 -131
-181 326
-564 759
13
-218 782
-505 79
332 648
134 -996
-896 87
677 783
-458 -667
-689 672
146 -923
986 -825
903 -127
-389 306
-454 833
14
872 -731
-764 -444
51 -982
51 -517
703 51
617 707
155 57
384 291
599 717
602 623
216 679
609 391
934 -166
-645 241
5
-812 -930
252 -191
-341 808
-787 -323
212 -304
13
-737 -335
-560 771
722 -824
62 673
-754 16
296 462
48 257
205 -18
-908 560
-425 824
-900 -354
77 262
305 237
4
-666 -199
-477 419
417 188
-789 540
16
-613 -46
288 -367
970 -415
-905 370
842 653
-647 -714
213 280
-889 666
-722 540
-72 935
-223 -597
-378 579
-74 -959
348 -534
-748 -112
-919 -361
3
370 625
-836 -693
-928 535
6
725 -760
-212 291
520 -101
-43 799
-561 885
-914 568
1
-292 499
15
-251 -153
-616 1
-913 -534
993 929
-812 970
-906 -505
-958 629
-4 -880
-779 784
411 741
35 -632
892 826
-395 979
747 -107
39 246
12
789 -554
547 142
-467 -987
487 -185
-799 457
-91 48
852 -110
-955 972
111 -819
735 -148
217 -545
97 395
5
428 142
-695 -533
-259 116
-392 187
15 751
9
29 238
-113 582
48 -852
-369 252
38 28
576 -851
209 311
354 -222
766 -197
15
-174 -769
316 131
50 -943
-401 659
596 614
410 -979
-5 0
260 -70
-600 409
913 652
-553 -59
228 -51
-850 -461
-697 -71
-343 458
16
835 689
-229 318
91 181
-731 -250
129 884
-488 502
231 865
-237 -487
-735 -476
-574 -730
-29 367
498 -728
870 -610
-73 151
399 -615
-394 235
11
729 -95
518 262
175 -732
-256 411
133 -754
-358 -2
361 156
615 885
934 885
209 302
736 481
5
-522 -591
27 877
146 985
464 573
714 -630
4
329 545
711 -575
-44 -156
-329 950
3
-615 458
810 -730
393 695
8
47 431
313 -77
909 -926
950 -861
220 935
603 145
-999 973
-764 682
15
-700 -893
-174 144
131 129
339 516
-413 149
786 980
196 618
379 -372
283 -698
-111 357
-748 28
-71 -461
-16 -925
-459 309
-337 -777
13
-37 -669
-642 -540
462 487
-849 330
-573 300
468 -241
-504 86
-861 476
-279 -559
-282 -570
46 -902
360 585
82 435
15
-256 -902
-298 924
414 385
-366 874
199 -526
-975 -471
-99 677
997 660
-475 436
-849 -646
-843 -407
72 -412
639 170
-700 576
-395 735
8
349 -815
109 625
951 -506
-389 -823
693 85
-798 -426
-662 -769
-429 999
6
-641 -850
463 -131
95 -465
457 86
-943 -891
-337 14
5
70 -637
-619 -821
-660 -315
-327 -48
-138 -282
6
417 644
-272 648
-433 79
-243 -73
581 -780
796 -323
4
605 -885
517 714
130 -469
910 -800
16
-357 -621
939 328
404 243
-809 -526
633 608
-882 -287
608 -314
792 -282
613 373
290 761
-598 -602
366 -482
-733 80
-1000 -202
342 -799
-603 985
5
-663 314
-663 580
857 -189
565 817
-70 -722
2
616 -930
-857 581
5
786 342
-450 -464
-292 68
-197 -860
421 953
11
622 -649
819 -446
40 485
243 -28
694 -945
-462 511
337 168
289 305
591 784
-114 387
570 -420
2
-894 288
358 -91
5
-221 215
614 -247
918 785
659 -42
623 -97
11
317 310
172 -171
-1 -659
-882 -696
932 902
542 671
473 -878
960 931
762 670
193 894
-199 -592
5
554 -674
645 214
284 268
-531 918
-414 -869
4
767 130
432 885
434 716
-861 328
12
964 450
699 -752
564 370
441 458
-829 849
318 -922
-825 315
644 811
-416 -887
729 522
-756 172
289 726
13
526 512
-328 -983
-160 -237
-666 -710
-537 -418
-794 -815
-977 664
-292 872
334 -214
-601 -351
-218 -790
585 247
-709 107
4
464 -252
569 -580
-374 81
445 -4
2
-792 330
-437 23
9
-231 560
-713 -215
-731 -489
-881 407
-90 -231
-810 472
-646 437
-885 814
281 579
3
202 -648
541 -716
797 -463
14
-643 -781
121 381
-165 890
293 122
-324 562
985 147
322 247
916 864
71 -729
653 186
-915 286
118 -1
-511 470
-108 125
4
781 682
-672 -648
-197 709
187 46
12
-691 -926
-83 -354
221 -409
893 138
-545 -36
761 -891
-497 -802
395 621
549 -764
443 -558
361 62
-777 44
15
-424 847
452 763
245 -193
-575 319
-924 423
-107 -332
669 -617
123 -367
-504 584
488 -306
332 109
-405 568
-448 37
-70 966
613 -674
14
-459 -475
161 -344
771 -680
433 442
-604 -143
-665 64
-474 70
-460 511
566 -876
0 -388
456 -539
208 377
14 -755
-341 -20
3
-15 -311
-249 510
-798 408
2
-478 193
76 -81
3
763 -665
-72 -166
-125 -208
1
352 792
6
160 -395
-779 -463
619 -182
548 -48
29 -467
993 -868
13
-804 892
677 -282
86 105
989 488
-131 -675
-231 703
200 561
-545 -96
705 820
-935 -690
-959 -46
-718 212
-497 234
2
388 579
-275 784
16
-382 814
-154 -944
-81 -165
544 788
160 -687
843 -287
874 -349
617 931
-529 -966
-758 -487
341 -476
-923 844
758 -682
584 689
395 369
465 -987
16
-689 -931
-546 498
966 -757
-341 -369
-562 724
-142 89
693 -211
561 728
31 -574
69 555
-497 265
665 173
-151 355
-432 -430
172 -66
753 835
12
-792 333
673 -197
-656 -695
593 -932
163 -317
762 952
-404 842
-16 374
263 -109
-771 -120
-91 402
729 -736
3
-700 788
256 -595
623 -36
6
-44 -363
768 653
-58 362
721 -895
-603 835
-590 345
14
746 -281
292 -11
-52 -828
898 -298
-746 -486
24 -94
-698 -367
663 925
949 -371
234 -414
-603 -113
529 -889
-40 986
-140 148
13
-795 177
-154 276
-178 836
-424 346
734 278
952 -399
-345 -142
-97 640
-478 181
589 151
-585 -825
900 654
-944 -636
7
-605 224
762 143
782 292
-658 58
-886 -822
635 812
912 265
6
-135 920
-377 769
912 497
-50 501
0 717
677 253
12
-915 617
-311 -520
193 -196
976 -25
-904 -682
-614 -438
-152 -979
-626 112
638 -509
978 911
115 747
823 -36
10
325 965
118 354
218 -159
439 187
530 -728
-620 -314
-400 356
-218 270
742 696
-882 -885
8
230 753
-86 208
-984 -971
307 840
346 -292
517 663
826 -129
-119 19
7
-580 -98
286 -200
588 886
-844 -277
508 -750
-581 626
-635 -158
10
-529 757
-583 -161
-862 -923
-321 484
-215 -452
147 -36
419 -620
-665 -566
152 589
-928 953
11
-689 -539
-747 819
-288 24
446 429
867 7
-748 976
776 92
-534 853
-877 -697
-9 -328
450 955
12
-817 -358
-123 335
-768 -50
640 762
261 -898
-633 432
166 391
230 -53
610 -763
200 586
-986 -356
-595 -781
16
-292 210
439 -490
517 883
-307 -840
112 -619
-256 -586
-627 -142
-973 -173
225 460
993 -384
-310 -59
-421 280
-507 -483
294 137
-78 513
904 630
5
696 -859
-407 931
186 105
43 919
849 458
6
-293 837
120 -716
297 466
253 -660
-241 832
620 252
14
266 -259
624 131
-355 254
-793 -307
747 153
-376 -66
-742 668
205 -540
478 498
519 667
-29 804
317 -563
57 657
548 241
14
-200 942
-105 541
566 -974
-462 -179
-414 584
-432 739
-792 854
-651 -772
60 -191
-942 -90
-319 726
881 -163
43 -330
-754 52
11
487 -319
370 429
576 263
-4 954
802 -831
-460 386
89 -369
946 -56
-19 -825
-644 -858
-767 266
8
-689 500
-988 354
-830 -742
-242 -259
-903 439
-889 527
367 727
-125 322
10
396 -786
267 -515
-154 213
781 827
740 -863
-679 -674
404 497
-363 -96
509 -656
426 768
15
-481 -783
-106 -17
-904 -739
-290 323
583 -761
-281 -850
858 557
-4 423
690 175
164 828
496 490
584 -7
-873 -160
-145 -177
-382 -25
7
138 192
172 -879
289 433
-169 -388
369 422
684 519
280 241
4
55 -69
-958 -781
111 890
-939 47
5
-811 887
739 364
-494 -286
642 644
-742 -186
6
547 -400
-52 -488
969 -278
-804 840
-646 789
-293 409
1
-251 629
9
-9 690
231 875
-769 471
966 948
977 32
590 973
291 -243
-910 190
357 390
7
678 -888
-750 518
-534 -961
-775 875
112 326
856 648
-683 899
16
-455 -518
-298 -137
-570 -321
-752 -627
-348 539
130 94
81 -161
-516 136
-483 -52
386 -965
414 778
-388 642
242 -710
850 242
-41 -899
-527 856
9
176 -280
366 855
-32 739
-140 -141
221 -694
-708 -588
143 428
-71 -909
167 316
3
297 -720
852 -109
-430 702
6
882 -844
-394 738
-260 782
-542 -542
990 778
-802 202
14
771 860
282 -816
3 62
465 95
-419 -218
305 878
414 157
-231 -663
211 254
-781 367
861 -691
-893 995
120 -434
-663 -102
13
891 -760
239 752
522 423
-245 -64
-111 -798
518 -977
507 396
789 16
-482 -874
-772 772
-303 595
633 7
703 981
16
-379 -682
377 -911
-790 617
328 -686
491 104
421 -572
-655 624
946 -280
483 694
-491 -500
-788 -364
-272 -663
685 -677
-678 -308
-622 -697
171 351
15
-451 792
536 -482
121 850
-990 -423
271 -210
-78 247
88 994
83 -218
-497 583
347 491
-337 684
177 -14
-994 -779
717 -338
393 420
5
942 213
172 -188
-314 374
174 263
-3 964
10
-755 52
-469 328
835 34
263 534
-122 926
218 -945
264 576
-724 333
-762 -979
-246 874
12
967 398
128 -347
124 -698
-732 -878
-733 157
-281 671
688 -601
858 74
-986 392
952 -708
-390 -641
556 -813
13
-110 -223
9 644
4 325
963 -246
-547 -384
879 107
236 -647
374 -607
424 398
-567 823
256 507
-811 -351
812 -519
12
-477 -963
-850 511
279 -72
-479 275
932 -802
238 38
-349 -794
-83 758
442 622
485 -813
46 -117
-380 221
12
-520 410
140 -356
891 104
519 -719
254 31
912 -466
904 188
-182 -898
-574 857
105 -367
126 215
-573 -251
13
-33 795
935 939
17 -221
-581 -221
919 415
23 23
-65 656
-370 -682
568 164
-778 -244
-665 -324
183 -808
781 -832
7
-4 -53
-933 -951
914 -785
-664 854
584 115
-375 -637
387 -959
11
-238 328
394 744
646 -37
-91 -780
719 244
-104 254
788 -323
422 106
-975 -278
526 -574
-364 -907
12
-158 677
-418 468
-608 969
861 -869
84 541
525 -172
187 -512
-911 759
-440 685
-345 814
473 684
589 -68
14
-689 -190
-512 299
-97 955
-858 -420
-463 962
-28 -493
-825 103
943 716
-19 -229
255 469
-139 14
-619 -454
669 -804
-628 705
10
304 766
-552 -886
-394 747
17 -439
889 949
99 -797
-79 958
-622 -623
901 -906
710 24
6
531 -763
-285 913
-216 -264
-891 508
-559 -754
-188 -440
7
278 166
-559 -353
-920 -317
-404 531
-114 869
489 265
-402 742
16
-692 118
413 840
356 -872
-895 -508
217 -786
-1000 -990
-188 164
-430 506
-558 -911
947 441
-831 -18
-963 -948
869 -742
541 486
209 635
197 517
2
-38 709
-891 443
7
-399 -340
-268 -47
-330 544
-883 241
50 -89
682 350
-648 -797
13
-259 -745
-447 352
-852 -609
-439 783
941 -570
-112 -97
-508 -2
-654 -342
951 358
391 257
-971 -65
374 622
-662 -362
9
688 342
507 -628
-564 -886
278 788
-738 -979
-299 -955
962 131
285 218
975 -365
13
-366 -413
-77 -623
844 304
664 570
-74 -998
-792 -770
-958 551
-911 -233
-661 -797
-603 -873
-535 -582
180 -138
-619 -337
4
599 -361
135 515
625 722
-210 -646
15
-906 -982
840 372
-627 -951
954 -585
952 -957
534 -709
-402 931
-230 415
-650 950
-371 83
-35 129
34 604
-736 -451
581 -662
692 935
1
786 954
1
511 -673
2
465 94
-199 509
6
444 -541
-440 -786
875 262
-484 -144
-655 482
985 379
15
-751 -719
20 -61
973 -45
195 -889
-91 644
622 588
-507 88
-317 295
-51 664
-261 408
-424 306
635 839
822 -508
-464 656
-171 -732
8
431 -451
-885 -630
-126 70
918 337
-668 562
-40 -728
-945 -600
307 702
6
-29 -558
461 900
748 97
739 922
941 -373
579 -230
16
-326 -447
796 141
-76 22
-437 -158
-640 -105
-244 672
520 163
-928 -173
-134 773
-849 660
234 -949
408 -317
-858 330
-24 -231
261 747
-983 935
13
813 76
576 -164
992 -230
548 239
878 220
-241 394
292 587
-388 417
-910 -728
3 -859
-968 -961
-717 714
15 404
1
114 421
16
767 587
-660 695
-225 -668
-182 -677
571 -304
543 -317
-910 187
-378 -298
-44 -288
326 -689
205 358
-650 840
73 366
244 -951
-520 18
312 -401
14
-996 -705
-916 -312
113 -241
-388 -839
-346 295
-396 841
-731 658
149 -19
-15 460
-462 -305
-837 -622
768 529
974 -831
-639 344
11
313 -699
838 608
-263 -121
73 496
491 586
-850 138
-810 -657
407 -799
844 -612
186 305
278 -767
13
656 -646
349 630
-477 -938
327 -643
375 980
-452 335
-282 427
-592 -434
-82 995
-283 -592
-463 412
815 -262
257 -445
5
-86 833
-490 -266
489 216
-917 471
739 -503
15
-551 873
131 349
208 849
-224 969
-585 -954
-684 484
-546 -147
-103 -731
944 -494
176 -428
420 9
434 -846
-150 -350
-411 -327
-258 86
1
191 311
12
-460 -480
-196 668
-511 571
714 157
56 -480
-638 -695
141 -694
163 -683
231 -417
678 -335
89 -120
316 -970
2
-590 468
729 601
13
-316 -507
300 840
-839 -859
764 -773
650 172
99 -988
477 -760
-329 -360
-91 902
575 -413
-81 16
467 -413
46 372
6
-486 102
-50 646
786 443
298 979
956 791
743 -465
2
-85 634
454 -256
3
-523 736
-217 -621
311 722
3
-321 189
-762 -923
-86 235
16
-984 -814
-410 802
981 888
-867 938
680 876
-175 473
-209 -540
279 535
-314 756
623 822
-513 -66
544 -862
965 86
-624 -958
-1000 611
-14 -984
6
576 -830
-869 816
-696 -931
848 -468
-106 322
324 706
10
211 -607
-290 -165
-785 197
-879 -889
335 -561
197 711
-519 197
675 467
565 824
395 -912
4
212 -608
-624 60
-76 623
-266 -400
2
336 -836
-926 -602
8
-711 595
824 -599
283 -737
950 -6
97 500
21 -436
65 -154
-688 153
2
524 897
530 -64
7
505 671
-874 -166
359 -710
-91 757
993 550
352 -830
-697 -13
2
-746 982
530 -894
12
-553 171
-447 -241
-323 707
-717 -74
589 571
-900 446
242 -421
-720 -47
221 541
-290 215
92 -585
385 747
11
-830 -647
736 -947
-541 92
-500 631
997 611
-340 704
-754 586
645 817
-961 91
412 -30
724 -635
16
617 76
758 61
843 143
-191 245
666 162
334 719
622 -222
-429 605
-225 -818
-383 -168
-572 -445
-523 -403
-406 921
-991 564
997 -625
-892 614
12
866 -324
646 362
485 243
28 -1
-71 99
-379 707
-978 -422
-165 -796
195 667
-16 751
-504 581
-303 -231
8
-386 -234
-682 -278
-619 -527
-412 409
-529 950
246 -934
330 -755
-4 -571
4
55 -197
-851 890
7 345
557 -657
9
-594 -723
-503 175
-780 111
942 -110
-815 -325
715 126
-916 -814
76 682
-396 -241
8
952 540
498 8
-656 648
250 703
345 160
-953 145
566 -676
642 -259
1
-246 35
11
291 -938
501 -583
-502 -961
846 -820
-357 -395
-540 -404
-855 958
956 -159
958 206
-455 303
-634 -408
1
-716 268
12
378 -484
197 -587
-346 -160
-524 -493
258 -26
-454 104
507 541
709 967
-511 -794
-723 -555
48 -764
652 945
4
-630 -111
-308 7
-843 135
-615 25
13
-202 679
524 626
-814 -218
-47 84
886 -540
-375 947
-573 467
-494 -296
912 554
292 916
499 184
-361 -612
876 646
2
11 -969
922 695
14
953 571
160 -509
-646 -887
575 -408
-75 -448
-108 352
-981 398
-592 932
304 701
-800 -197
237 -161
543 113
-515 -208
-524 -132
11
-829 -598
19 -906
562 510
-552 675
437 393
-400 989
-715 -696
-639 683
64 -355
-13 117
-155 -858
3
-963 -963
467 -126
-171 943
16
895 -534
-855 266
-439 -941
128 361
734 -435
-246 -314
-94 391
342 267
426 -594
912 -587
524 110
-93 -770
147 296
698 -979
-875 993
-884 -628
13
-387 990
373 -328
118 -266
-242 683
841 444
-410 232
138 -791
-341 897
-526 424
773 584
-316 -997
83 980
701 104
11
-953 573
182 -141
-814 173
-768 -141
-357 318
617 -321
511 414
621 96
-448 830
-893 -199
-696 883
15
-760 -433
-422 323
-100 -369
-220 710
-322 -647
-108 537
-461 -583
-879 750
413 792
368 -908
655 -218
713 -249
686 543
-142 -512
-800 -258
7
-208 661
992 -884
-87 -376
248 -377
654 601
868 544
-508 -715
2
-757 698
809 963
15
817 97
855 -432
-217 751
779 271
951 -127
-314 -257
-466 -322
211 448
654 -541
-577 309
-588 -709
205 257
-71 222
852 -373
384 815
3
201 -88
-23 -879
-953 -272
13
671 31
125 -291
-873 -988
387 690
812 394
-850 -765
55 -86
-473 -740
-477 456
482 -625
-565 -134
-458 557
-581 806
8
-459 854
615 -559
877 -1
919 -414
126 931
-675 -184
743 719
318 978
7
-415 -143
386 108
-687 -131
836 101
-913 -270
-342 -493
-463 545
9
-257 513
841 -380
-488 760
558 638
691 883
-194 786
955 -523
-883 81
62 -26
5
-478 288
337 -290
-259 776
441 399
-717 -670
2
683 425
-542 525
14
322 637
955 312
681 -810
-882 467
-855 -53
584 227
-639 -441
695 -116
-801 384
946 -60
512 739
-309 796
-931 988
479 494
15
356 -757
-880 -6
-802 432
-325 -611
903 -506
-114 -150
-921 -887
212 -10
-840 -552
541 896
-606 -519
409 -866
172 205
-445 513
36 -598
8
-607 -355
-568 739
196 -784
-586 585
-881 -92
-529 -30
339 -63
-466 -671
10
-18 870
-6 728
-297 -597
-786 -772
960 122
741 -4
524 -948
741 -479
-164 480
717 53
7
654 172
507 -522
-506 -154
767 28
528 -136
-638 750
-790 -557
7
-35 -343
34 -75
-869 127
-726 655
179 -633
-471 -632
-800 -402
14
-554 -747
-55 953
83 440
152 -150
-180 32
-934 535
-218 -723
978 588
242 -13
-26 -480
119 -899
146 126
633 865
655 -999
2
-746 774
-136 -141
16
169 942
-489 -679
-208 684
705 -142
219 -512
487 197
-572 82
-816 755
954 655
856 100
-218 489
-35 -563
842 383
43 616
-753 902
-312 416
5
199 -910
-12 235
795 -801
-546 -365
-962 -997
9
120 -812
171 74
-805 27
-474 -23
-131 844
767 63
227 -190
32 474
65 720
11
261 271
332 -750
-493 128
-199 -39
763 -161
-35 179
-688 505
-650 738
700 730
-735 30
-49 -539
14
-986 688
959 398
514 24
118 -244
-714 -610
-911 -112
249 217
689 -790
-20 -120
527 -488
544 384
-138 283
437 -56
900 -533
8
-639 616
-738 -599
575 660
915 -48
131 -329
238 873
-240 -874
122 -671
8
684 662
399 564
-826 296
-52 36
-421 -263
-667 -169
556 -772
544 524
11
945 100
-145 860
-596 986
-117 642
859 996
-880 333
-675 -361
17 987
-610 -419
-839 686
882 550
10
-381 883
448 -472
-537 -8
-948 658
-63 504
-487 149
908 -149
-615 902
62 -619
-978 -605
3
13 764
46 404
-654 559
3
-420 109
708 551
344 508
16
-840 -147
-868 -830
-858 988
35 292
897 886
677 -849
300 -590
-474 -953
116 539
811 -486
-57 -843
-926 -614
89 535
-554 -359
232 -694
-280 744
8
204 914
302 545
-51 -54
794 187
-25 945
-513 385
-529 -466
-147 -989
10
368 306
-145 794
-956 -704
329 -510
-63 -87
-203 -990
-343 956
214 -429
610 111
872 -444
10
59 531
-149 898
-84 322
-568 770
685 130
490 -8
-663 284
36 -367
-35 527
923 879
5
933 -464
-16 499
460 -405
-389 332
151 516
9
35 -633
-710 951
-958 75
-927 727
-443 915
-281 -106
551 -892
879 -483
987 -846
13
-337 -913
284 647
939 -256
-406 -98
-571 -902
-582 -179
133 138
463 436
180 -462
862 259
95 777
-669 -659
329 -561
14
-802 -574
79 -54
89 519
-770 88
458 327
-965 -640
756 -867
130 -71
618 -732
-608 54
800 283
268 412
-270 398
743 424
8
-818 997
277 -392
428 -777
-951 -53
-195 489
-595 -516
876 117
-408 -991
9
521 979
-132 914
34 21
549 -346
-567 -721
-948 -824
703 131
-290 -948
-240 670
10
-17 719
-572 -859
560 186
-23 437
-697 570
798 -97
91 778
772 357
164 145
-94 818
11
186 871
-894 241
354 -184
294 -885
-514 127
450 -443
555 943
-531 -259
-79 906
45 -509
705 948
15
835 -928
292 -1
217 -802
-183 147
736 40
253 330
-253 -579
-376 -138
259 751
-336 -832
658 -392
-362 -600
529 -456
797 -628
-399 -903
3
-564 -478
246 787
739 797
14
239 885
-651 -156
215 96
266 -809
958 -475
-706 -25
-306 953
583 684
-295 464
-772 -498
836 182
-49 -858
970 473
741 758
14
538 -285
156 423
64 -1000
-9 -487
266 182
-177 -856
477 798
190 782
733 -126
-513 197
454 341
385 -12
-708 528
-41 -882
6
69 -965
159 -864
191 -66
200 191
925 -935
-190 460
10
-46 -63
-313 -504
-281 -579
722 558
970 176
-101 356
-483 191
-116 476
661 -847
-455 696
1
-319 239
7
-767 -569
-476 -701
593 984
188 -453
273 -773
395 -656
-352 117
15
-29 -355
-199 -673
162 -656
211 -10
-642 716
887 -594
380 -80
646 978
154 -923
-498 805
670 -162
345 -431
-537 572
-684 -193
-427 785
6
544 -570
-786 -777
945 -441
434 287
269 502
175 675
3
-905 321
-140 601
750 715
15
772 -95
103 -307
369 -324
9 -472
601 -206
590 497
577 804
720 874
-285 506
161 984
8 -664
-988 890
-216 333
102 -615
84 169
1
208 -925
16
902 796
923 -89
-676 876
-942 -734
373 635
-577 93
509 138
-401 -330
475 959
359 487
849 -857
172 304
-472 -392
-527 -328
817 -100
920 719
9
-805 -18
373 -928
40 991
797 27
-586 243
-464 905
-806 559
732 -846
270 571
4
413 -257
659 -707
352 -867
-34 521
10
238 240
-918 785
-778 455
-791 615
798 -993
-358 -787
250 531
-882 796
90 -798
950 -288
14
-694 -875
-484 965
-582 -780
-550 736
741 484
326 333
918 112
908 725
321 523
523 328
-835 736
-70 -952
-794 -273
490 -240
6
-798 -467
687 -673
402 -995
98 974
-545 -166
716 -709
2
401 -439
625 309
15
-54 -168
810 -373
350 898
557 398
-543 -364
-111 217
-982 443
-897 -943
771 505
-938 221
479 -130
-593 547
513 -80
-51 -925
-455 -742
10
492 443
-477 -881
-207 -578
-972 -457
231 17
784 -200
387 228
-97 444
351 -592
507 -428
1
-271 -21
12
-758 -748
88 -683
-203 699
-321 -359
142 554
-240 -713
-672 141
-170 559
-490 -33
-640 897
-805 615
341 898
9
200 -178
-384 929
801 107
-828 -947
-452 -159
203 -753
872 844
741 427
-43 -620
12
-902 562
667 -392
-471 -973
-143 76
642 -802
-26 -982
751 796
-14 680
950 -906
-796 -645
-358 46
558 241
7
755 -18
-303 -288
714 -547
162 276
-880 -878
806 -501
-21 -118
14
529 -791
-488 280
-995 850
313 -693
-704 517
15 -62
-85 -75
-469 834
-320 865
-117 392
579 336
-446 -144
808 -324
14 -693
8
896 -199
537 -543
665 169
-185 515
-518 122
-836 -1000
-511 454
267 415
3
453 -905
851 -663
488 783
10
-606 -361
834 423
653 -859
430 901
294 -33
-289 -41
-863 526
-173 -29
0 -9
-29 490
14
-409 -95
-217 -956
0 -365
-619 -160
-230 -593
235 409
-759 -342
414 -618
-560 667
677 760
-622 -12
897 -744
815 -132
257 158
1
99 604
16
-996 -613
179 356
374 561
-803 -504
968 432
905 -791
-558 671
-57 -118
691 -28
-358 -579
961 -109
30 776
-888 -713
287 -344
738 243
791 742
15
-30 98
357 -117
295 853
-149 79
-889 412
873 -866
-644 108
-823 328
-898 -49
641 346
981 770
810 -380
57 -534
-642 -700
-391 -900
11
931 550
991 -185
-154 -803
-982 -723
-340 783
-497 -206
-509 611
324 -829
713 -725
813 411
-744 583
6
-124 -360
687 234
-60 -352
686 574
-420 236
566 747
3
763 -883
64 -577
900 567
2
-257 178
-107 -85
12
520 -272
-345 776
-337 876
4 303
916 -410
-405 -436
-724 -479
496 865
-913 595
-349 -798
-935 715
-375 -683
3
-805 61
-540 440
976 -944
