8
252
622650073 -15056342
144108930 -529788728
-898972456 457850878
458777923 -992762291
-176435560 115438165
784484492 -925756958
-885192013 137522503
441282327 -983468271
-176621160 -856457388
-103455697 474833169
264817709 998097157
817129560 131570933
-802506901 404280278
-106648184 505795335
954899097 636807826
-436386488 -898070733
580723810 -295122367
358580979 624379149
-871763421 -215441179
-469488033 -889989328
551901393 617819336
399125485 -843908255
356425228 899894091
-414359806 -62813643
646035001 25921153
-489383292 -409642056
-228484332 -642428510
44788124 927702196
952509530 -869939097
942727722 83454666
108728549 -314881976
-881202199 60806853
-428459023 -805152592
-964691772 -841625067
75260298 -175061019
-404971365 962408013
137623865 -2610186
-979260937 -892445464
635339425 654001669
777724115 -730779906
-965924371 478446501
864546517 351934195
581030105 557810404
-853680549 908194298
-499217812 -342178877
-246200495 102246882
269406752 816731566
-115063284 807130337
-421645562 -107946856
153851501 4844897
-383216129 -617044172
-669888863 227619358
723153177 -929017603
147722294 70477904
-948378391 606946231
190959745 912844175
341853635 808266298
-656901858 -543119601
534827968 -719909588
-804599740 -410326443
-993558406 -110311992
-942283605 524325968
-985880887 -484795470
-611528994 -318089038
904797942 400285365
-677157918 463179852
-171469233 -167366179
73185695 -683175288
260973671 815859901
267248590 -948275169
194314738 -681846943
-888368384 -122180210
-695444360 213110679
-458562665 49077006
-3502028 -936063902
-729350905 -571024681
-314416546 351345223
-727887711 398556760
334948905 724586126
-467763877 23129506
-163954187 -563523230
-939064762 936329094
-84103780 -695012156
-965287634 -118859466
-718274774 901915394
-802058637 -651681262
-847392156 -215440410
-456563450 -709854841
681808623 -22235053
-249402615 -28692783
737195272 -999244461
399399247 -537757615
459413496 951894885
-462859377 848682420
12028144 86531968
289335735 755699915
623161625 -7336466
-956953958 358796011
-56545321 771024152
479575244 507977295
-880121182 -950409604
828087692 -378698185
154112991 104740033
-777877331 -110880603
238489553 882410547
-55024175 567121210
866729662 536830211
719533808 517273377
592822761 -958999375
902737335 127401868
-5022005 -859997224
532062767 49997439
433829874 464689331
-571459444 968456301
859468872 911300560
168120094 -701081016
-32886245 -875360211
-537148593 -42171985
-321969807 105222769
893015680 -55696545
4016855 732267506
-215829037 -545766498
-854413324 -670136892
353963249 323602331
-998722156 -998112362
660760808 561939997
-314571349 -102945151
465645203 461495731
-559203469 796198014
522395419 779636775
-796957991 -824469820
640687929 351995223
-540755946 -541411740
-825923263 -165008455
-955252683 -965162475
-162795800 -421865744
486421564 -390039403
668306648 683337704
-92774450 -394074850
-583458024 -975698588
-588061446 -888517203
-475897496 760348381
-706965252 -144992935
290659378 -620152301
778878209 -661274871
-878421447 -447734517
-498349553 -781735393
-528819227 363045322
494664305 706755176
495170053 616927224
437784630 360280366
-878794600 284660444
-512504630 -315429715
502883016 -747806102
637608155 129841133
189515557 262696576
-292046822 509658266
-692812643 -652778289
42227878 847320614
746474819 195795737
586983133 -321379409
-709376280 135048762
-332693367 262976197
112576031 -74761412
-444139411 -204945127
-156001123 -40362696
21979358 -167138800
-400222746 -831931040
-205985085 -454706053
442645480 452207730
103669955 564674546
547837107 -971158762
-10660000 -981015074
-309454965 -11225143
110561113 420250114
-137070407 300601360
-881501646 -677031582
439025357 -261657415
163313729 122721015
780776563 -967893898
-411139083 380786643
172819419 971062967
-427452253 -916754731
-470144605 812423303
490404473 -21280897
754711748 -952575615
-654794342 518163459
520045406 -62326070
250739824 614285132
-870699027 493959603
-399753103 618907920
-632396050 -990864769
64488480 -828379797
-649786100 939824520
681462533 603481258
-62782997 -986381324
255820950 113423934
-856441220 168279879
-163058168 -536517426
-171566451 346174542
415306249 523252771
156766310 -398084121
752200983 -201330030
473392040 -333917277
-979926350 -777097029
118753229 666190318
-526082254 -881289701
-848312770 -655814379
554270776 -362149876
-891331756 26076958
-18252304 116666771
-41170936 -677208440
-385943402 790318751
493869940 240764503
462789551 -288807199
-876572795 -880684920
164780418 -996440726
838659649 -936959587
-189216680 51519025
237322012 586901783
458854788 151624117
-923575992 -736918450
-909734676 -595680805
-245548743 318824511
304835690 -729561334
187262410 -951239407
-233509447 799809565
-907809040 -443771258
-459848597 -88745648
746007307 928256141
-474755090 633413200
492192799 -29656873
-433879829 429157787
-749665586 -549968375
-755883359 174619517
-986944652 -622098158
287114315 -72484026
-822818555 476211373
-194027780 795739911
-734490761 -909754946
-936358695 -827443071
61382253 652354189
-994184834 -462795644
-227640696 651659860
73645898 609005592
442901720 463866116
625151580 -921901133
-504850648 -523973061
208178698 401494901
324160811 -202283384
-517243109 -498151329
402331728 -643673329
664
-656922955 -897696880
421620240 -731682842
-961700547 39769627
333685350 962853711
-961464437 274629594
550207533 66401727
-884692173 -51601205
114919531 657737442
-859648484 -49114994
-901521485 4466924
-293357399 -42372903
596168661 -559032897
-631965676 -200019892
-981955064 -927997719
-452482985 -848956290
-734036784 130301905
-656224027 111767781
-774117280 807270791
-208518831 -89702135
-297284173 532329536
238616728 872357125
628320384 796580167
502789949 -164499524
-991583954 300521576
-222431334 158577467
-22739480 -137372616
-483658009 -821574790
-94666742 14428211
-377731256 -774580482
-535314282 722321934
132666825 436280767
854658689 -476550182
528073014 -433788175
-177897082 -826041972
-12666971 -499921966
708006727 55151240
-993066246 -428513460
427408396 -86909065
-598796917 -930951952
-712153135 709087011
-968384748 -632446936
301377876 -862982763
-253767325 -371929755
94482710 773470415
791728192 560024710
-292545253 722463037
356701299 -902631553
-911050285 -670758307
647259579 -867432871
115195164 995333979
-526446499 -560704475
-808889711 502574958
517114033 62211800
-437834911 528087670
-187464783 -569119154
-500478962 -63490457
8240338 849385936
-901396679 -45402281
-926463504 124791247
-932056212 617428359
270425987 767145035
-292234765 -501616088
152185684 -75254011
-133316216 -879736266
-923577333 826500519
862972615 -330832955
-681334024 -857673339
373365825 5182819
-998728369 483422903
751072698 162936798
230092639 -658085996
-970090497 763800679
-666251235 -911792609
-262095893 -763735076
-792685635 114057121
-951885546 205777106
840127450 110051703
448530832 583071032
499932141 -951038346
-587718023 440942217
-257246100 -857642711
-697826535 978084747
-523996378 -183710121
258459317 -640698484
-943435952 484182762
637121029 532649039
-833947292 266605903
987502657 996510761
-75624248 86561466
785108621 974044557
292006996 554426955
115266930 54021494
-653354445 -903807779
233429312 -413197707
141231427 500142232
432477444 -790765209
178402198 311549152
434444856 63273570
227464303 264627439
-52287086 -675264201
78626766 570591835
-932018079 -889153957
121122752 -311425914
-924710281 -473560850
-769831590 -177581377
185044669 282409605
312349943 -991562689
657922431 101977992
45139816 396138699
496786971 -124819361
45501370 30325836
525679891 147182857
-405905167 300383328
-398481823 510474410
139217683 -985114824
-494476511 -112027909
283070434 681484711
976226904 463491026
763464891 132610790
-505499478 -691440636
931706890 -460075116
399116813 -989658559
-990092873 -408683821
844185784 -401005463
-954670130 88387561
-735967419 -105625835
508545802 -62642268
-768632668 645347854
-785540241 -52390153
-260027623 -362059538
626979010 -273056181
-289701850 -880586623
230900941 42143836
-565173280 -754167701
-907603888 856734759
56219956 -211025610
728536152 -651669952
-657304986 -876040956
-679485082 5240150
-182649899 897741295
-89180179 -114704269
398644501 -337871755
-870845039 748946057
927703510 974593928
935350805 653662173
-633217863 229309669
-932560904 725004503
121447421 850318675
-404721482 867224300
260276489 -164259738
743532054 128868263
-981641357 -97975111
245245250 608776735
891469415 -273968636
-592947506 595850963
543867758 887985652
-843514908 524957316
887766714 -228238580
-807041940 -654192550
-104936632 -792921259
448891847 208199196
746004787 885902501
652188234 364093128
925270571 886377448
44687875 -757182747
-189358129 -178330671
476562293 -738566281
-835026529 -692261180
25725764 521681079
-488857370 -160405590
-904311920 350266113
462863342 951398138
-221751618 845146044
705698828 -79001607
-842136425 70800980
39109000 -32054404
73005947 590767370
-996733913 -355493457
-686047267 -763737148
-827509739 -911623176
-123445600 -488017620
-931629222 789871857
-574626577 -721940502
-578432986 -271747155
236261662 -54531491
257726610 -70403151
-209290782 -178980710
288775055 -77714257
-680481445 439236385
-862393466 499086275
-135122679 823811151
759921226 703775251
-196305541 -979367217
30316714 372366437
388337879 384907698
715914100 -189616863
-231905715 -163554122
-282081716 489470342
-688835085 -373954040
432063067 834735140
-324189293 -690456434
293320728 -987999438
977466363 -179758031
109242890 -260287377
-432777722 -375082687
790245761 -732872990
362834840 -895423022
-16354000 -190792606
-665265493 623187656
430166551 -975238214
706993431 204554544
-380119261 -107591224
-311492416 105074252
544374108 808275514
-502008546 -1404981
-198216972 -892533329
-841407630 -565243337
215867947 785684024
-92575457 802916854
-370693992 -610885019
-232219448 -994013712
265768163 -207491641
-5588981 348255379
-971804644 -128580539
-891591513 -44691647
279743899 606985788
855794244 -718630120
-775417534 428738283
789665274 248300236
414318909 -891101433
-959378166 978847939
-581930316 -921830349
123289549 -401290734
545747467 268000110
797619589 792486327
417097773 568625581
380889295 -249392064
148637874 426245435
-305441769 866566972
-50016972 971319798
-405860930 -956125413
-748233703 -106630911
796102646 -932970910
-285041889 129966612
150957463 756872112
996923781 423551951
-477670770 -978296679
281453213 -729344872
-469628050 904228600
-578711041 -650050246
795289992 293655194
338403330 801048632
442353559 -159141223
871067779 433118632
-751736728 -999913617
451839081 350237153
-23867378 233398521
-930702044 -245390182
836275591 -203633100
420400196 237874120
-871237296 598733599
-399792871 -49472856
-621140825 -802859130
926818416 -868795401
275947080 -929125382
483764288 46279452
222648128 923552800
-66912338 478744840
-563720851 34486385
-414933417 -966075485
-475369341 -952885122
24245959 -727081439
-935331618 840728048
-533115946 -984950560
680351381 -891781230
-938297972 377340251
231367544 -705594131
-722882405 770872469
77722710 408508172
84605923 130552125
-745743781 939298850
436461431 -403888757
-169552154 -159274131
784766670 -478158606
-734905390 564026392
391731064 -567890476
822559361 -951560481
-773306380 -596318438
-224828339 674303725
544479434 431005949
247622090 -245862678
-662513740 -372739907
-636840072 -519614878
441716381 -130773634
903766468 244171023
-265887278 -61033361
502463517 791608793
700769364 823359178
-393938044 -431643229
-635011659 145751355
-842839164 -855231511
610979728 -737532880
-646525098 -87089688
660439616 -541366653
-68146054 -928967149
995702672 -772274189
-428153477 35191736
702482605 -446970393
-540619367 -393412134
-182608447 -553058588
993997925 640814040
324059153 236634257
-234778267 949588295
-575011861 -754957749
698961258 499292694
-960805840 606251138
-754050071 921919875
405804598 -257205708
-178774367 -538185438
-288556724 -961806764
963590646 686783873
-155070536 567627484
785742192 885054119
-721666158 -262500672
-976921141 -222199738
-243955855 -826794284
228127127 667292172
812908748 59344000
755174370 380261398
-65038708 -243410455
-250191072 -395387700
973792143 344652192
598973563 -661685217
667344272 -458930199
314384009 835246221
-324385514 306624513
-729584231 -197567469
-713754643 -437654181
-729350514 -564453144
611739816 -847635746
-14490246 -931450186
-496037385 -575833463
468762966 -825352703
834458877 -672374240
-741922588 737580191
-972361769 -902245826
-870587537 781814877
-696819676 720494784
-511472167 -142693250
286759527 407044999
-884622571 -881800391
744412144 -111844636
-931627549 -767967188
-907348021 862124134
441132407 791793583
-488432400 539614259
266388310 -522099247
-510884109 -996620679
-38326775 -120034747
-996386071 -951763904
102730553 -191469339
845784858 704827491
308822963 -287457080
340040768 404181687
383816526 -443544528
-944164781 -880344359
-553861796 379382951
203288092 -190541555
-740818630 -35550526
-704258038 257996176
165225317 38525826
903958413 -824776656
-221337429 -783514021
-357448965 807468129
960657288 777959848
-916299022 746505617
713417723 803447838
-36380492 378888929
490194926 751829968
5471806 -584174801
-137667745 998559829
3323276 -187296512
111527896 -510897181
931161864 -882908863
-705807584 -15419682
479904491 -400819317
-121081602 588991120
-932880252 -347310039
-586294349 746311018
-409724023 541379946
-122481339 685931478
551112228 239225063
359225235 714971506
-999408692 348178968
-256044321 13304119
57007323 137349677
-315920608 842378953
-703643022 -142848147
-169110705 817708271
-879451525 -18859796
643966962 -371871968
-934291181 -852516469
-854465965 592609468
-248847532 710652610
-572649766 290067270
165706778 -459493735
-567030955 236143279
103289075 605675327
305712687 -874774637
714659037 191375766
-685025466 -770196917
124818675 -471073816
227559555 -281955844
457517399 -851036336
813852093 881757886
-286879367 -687755076
597888047 421400194
-135028670 256336767
192825665 61106910
319631682 986056805
318396314 -449420348
-914823759 332973585
-262362409 -948102194
-631935240 311517960
-89799088 220710403
568463430 -196898915
-214785800 -191951415
-814015533 252230484
-101996012 -762044800
-301504314 471380100
211145495 872328199
142161102 -907195572
-870632817 20793917
-763492864 -869312198
180074489 500456578
-726760275 20020789
-872553278 -44139405
971340605 -56157681
843638691 -858579279
179617774 -733101486
817469862 -591424294
426671283 409334626
-910083581 -17276199
-657805670 -701102356
-391547625 -910576742
284101462 830103131
-864953264 987760720
-961191692 2161024
-393913053 -11619492
-74811589 860019397
-573444000 -173721686
630361896 748533999
444695645 549592533
467514962 -325719461
-638186246 477558821
977694286 -644023464
-991799990 -621385338
-617421827 -574685507
435106635 448374988
111284571 -305493162
2804821 -311035109
-798901587 869250560
-44110043 -682655908
400258743 -977110225
894832768 419330413
-562099585 -634183364
-965480109 -644776653
-765745631 -224345168
205024134 -930171072
-472804857 -948759121
-935489094 903039054
903425807 961132537
175535203 -629395579
45927447 748951034
-988648051 252119416
178767759 13081938
617778550 -286364817
-629647814 101581096
-183040315 778470524
-923302078 -989739637
-352770819 -23826988
912233251 811472202
-462364505 576061536
802933454 -91697792
521446980 -128391969
130220830 128632095
-803433286 -133086888
679612136 -431370063
-338877991 -602784315
624842919 332884381
385869610 -297100092
-668788391 -604100561
-22467133 144996119
-651188734 988074999
-121555480 -933025485
-640757423 213459922
-883802858 -698796020
-283664119 -336173115
-239089970 -650243675
-308187564 -184853006
377343945 293452602
-919076767 -280371520
-832036544 168292834
54676517 -381801119
-457291219 -56566542
414362805 -300825008
-996425840 -911151349
-783383799 -316291458
-948046056 -249950365
-644792445 -883678128
-749942557 -910052678
-936362987 686378441
-526715219 -782114221
-453330482 -60452840
-478138271 -393135045
179459082 894729364
828903032 439819313
197459195 627434328
937022504 832619855
631437711 -497596119
-856188390 -438900096
-194607449 -356822384
600996761 -870051136
645645405 -79567878
377965113 -3995057
-779951364 -609414882
854052994 80952188
999253743 928517639
-374725498 351070343
-905344930 168336219
783848212 -882296683
-592790068 -905572218
643274097 868047859
-930552927 113335590
-193755181 -917655990
-585219089 -509146985
281934978 925228542
179996045 -817951730
668560562 655903008
521273983 -888468901
897440709 -846161787
-863981450 -420357049
73254665 476003502
607251617 -971385047
481135299 958017916
-632292416 750911869
-392632558 34823503
956041515 510074329
-142492743 -638286618
938090264 -548890648
177605154 -199467474
-434883973 732378755
-493550741 415002952
-279292614 121267422
-27440871 303243786
432595549 -953258121
759229198 -189721110
163498603 -917585314
602632443 703568827
629293585 -26699802
-126511413 -475529183
508134031 -540826524
419867461 -125868437
-406449786 -263093617
-352613168 478329722
-950674489 671132791
937682871 -953493858
-907835267 -884568447
-119621970 -648777620
709478704 -975135085
292798887 978837110
-763933319 170411558
-843151214 195111433
-176695960 33862659
-160478064 -122382438
200676938 -979050246
501154526 266233526
-976070288 -392772405
-168101379 601581177
214810341 190369158
-423216946 -748393980
-652922803 -239135273
735832451 -429340538
-588389668 -109977063
391900804 137446057
-843545595 9200907
-186200057 -787705742
59256539 -714782657
-535616303 -58777719
-241667035 -865818543
915875605 -248509883
-56931588 721485624
-890809816 -353138541
238320299 185242216
-692385260 87796851
73387846 566892922
-822623107 -533861385
-628641951 -172748639
-195506351 -432282769
-646342204 839326123
-472949304 918487444
698995250 -929403762
-461527569 -389940641
180715935 543821265
106577801 44718387
-244367563 843563948
-114784880 -956184576
966423894 -939457225
221127903 -857065011
-139883714 261990845
731634143 -123342743
-906783668 171313261
-720614422 234157104
-918615798 463157031
-555021780 210884686
783878630 -371061357
-342737633 -899794352
-884896156 253497317
-285170251 120070125
-823058727 734607863
463845416 277246680
-561584652 -569639021
-647949043 -397013186
-575947295 703072189
872233307 694794905
-805125473 -656386386
-469516285 635179308
110398897 -158630551
863997495 -285543971
281409026 675487866
-881015602 -950541015
766946662 668677518
474098853 808070579
348616203 650113383
-148189277 256830559
-97946779 721421174
25979034 483422675
747240702 183089436
-366936721 260542915
18594750 929813013
-78211150 -441827508
-3497052 -999915917
413182981 -802774153
207543208 458232706
433710178 600442306
401158267 -891195886
-399366090 680984470
-988872642 -813571383
-872875054 990222304
-539022344 677949663
-455266363 -384550102
585191734 -364651344
16168508 954153012
982259113 915096280
-461723276 615779104
468684613 5252073
17739962 -551707021
87464377 927948269
793291147 -941194369
-910280247 972325633
-680661261 -435447480
-148548806 656677597
654889424 665836871
-24015042 -100906680
951
389628018 593437401
781320517 -415593608
675512613 -612576420
-742308644 691587940
-870011406 -834096132
-87464330 806282463
360521649 -971034866
-75823575 -968560129
714891891 -190014350
-470018783 779630010
-910657346 -509083475
-798136099 849905494
-906603608 -949901966
770024970 866192546
99456187 610836121
-856168435 -103516411
-545587029 -133045135
-766128840 -222487890
-791959225 -562071891
-168730306 768623323
931031534 -925881526
754634414 -104844506
755440423 556846875
-15326923 -108578643
272825627 295705222
433485574 -879509828
587198839 -990975961
343168183 -720445583
924350530 455633890
-294917394 -491405104
-30497988 461885895
-444168062 -686482484
511505321 285869684
483839227 -841704422
889024460 -564138028
-534556513 573243635
687111581 -942249474
536439194 590162030
-580748705 -537330742
-956066581 802082212
633863443 -530507688
-97631294 -418673372
453526593 794963926
-891568774 337482726
360842733 -17027019
-764804704 557429392
-962381939 -113440991
155721377 -780403876
375150522 -64185760
-940298948 -479282185
-291544820 356871292
-193042849 169606052
651094973 -830475323
637930417 -896352374
-603587535 10026261
800622739 -273179151
-208974993 833517719
689452430 -401789624
750837825 510393581
928208327 869118659
-113486503 -609198807
190658225 140164829
-246301178 557551348
-912667447 -494639121
-697530532 -489443773
721337424 765876431
-138825723 863776406
293580500 -916978728
621631601 47353930
-898469302 -237100923
567414549 -645572706
887377127 -333576348
455100059 -677080423
-381845330 947138151
-952392776 270697084
-971494980 780975015
220005219 -546145823
-934761305 250086895
377925664 -667014400
-853404882 -339594883
233313723 -208418383
-548956246 -924900432
625538587 -859925425
-408695087 654838122
-196395843 -349589284
-238859418 -922839858
336340962 498568008
-255701560 -668362695
108121170 214317406
495545201 479588719
734451620 -14647038
580830317 -652542865
-295968248 -973239106
-53736765 729784610
-996189169 210084363
217751851 236203847
-878744549 564341110
-761254451 96989447
-45473766 19571748
170349223 256668088
-681113229 558260932
128408959 -258712744
262275345 -929225298
951959723 626872889
90851819 -121372506
-5265114 -650962893
488817392 -925547500
487684946 -631214599
-461570635 -966267256
596502756 761134474
-380002083 -285664225
407783695 793222866
-88793136 -52123509
-73509209 -873200060
-177186244 383594059
112419897 -551421903
584475309 479295563
102346022 -211830915
78676899 -734306481
-107528280 746407392
-937449852 160834053
-751004224 573862876
357276833 180433797
96895193 517882903
99708008 548224374
-904813234 514616303
-967463370 -179232419
353269186 -604096275
49567669 -346863575
474975158 503743185
824152399 52825421
719083114 -615089740
-34004944 -497465128
-949589947 133203853
872175775 -272145419
-14910445 448716162
-597054952 281482745
-233000548 762940470
-91398369 -888601600
814652263 -702170453
984298919 838377370
761228201 -952216041
-906401418 -408188421
580438996 -787023971
780363501 679707656
-973449070 712365581
299966420 -963003638
175082151 346094045
-937606830 -330011546
239185157 -311474907
399348015 748669808
579753861 582813966
474391173 -721358122
619693086 -321012970
-993086948 -776451974
222774379 897969710
-545176568 323121951
-482534228 885943301
-809569813 -190481121
274895608 726137537
-163002964 391296202
713318478 -864562877
-893455912 271082574
-935015491 -288576404
854915123 -461631238
15178123 -658862154
869923879 534944155
-914638326 -845421278
696851431 -600831343
-911295029 -489203421
465966194 -586059473
398904656 -260413964
-412841784 -319221653
-951193187 -895163416
-509649743 422015860
-524948443 994802600
-867398764 688431513
-380472467 398526475
-174051090 -610963838
590553266 -447696194
145745108 -947832493
-394037827 38787537
-992432104 -921949945
260723224 901564466
-257654592 866766833
-985920439 -588019443
-330056429 -515163424
95376114 756525914
-526658711 167615735
-587908141 -606887362
384408694 919088460
62852927 -399831657
-701349158 -244581545
-605347879 488695711
-823156420 -907318388
-225791191 -475964310
-362594517 225521545
-175051562 -246027566
861180938 -378777236
972986481 -311207160
604404550 422600118
704741175 -994406402
108278274 707280687
737498842 -339594412
241229820 -306562218
-784950195 -872905266
482449220 -581231954
-69362097 107834620
-306761150 166566975
-887064638 315042342
-985052930 -892697562
131769142 381308115
347264735 -589172823
-387561266 -631317733
-47460126 994557580
-690482610 -146619304
873563006 -579274119
623716043 720832272
865721355 770083638
-295258025 226060620
295247375 -819098014
730318197 -765610695
-103959463 597972595
-305085217 416685495
81920176 88358883
929525082 -622500173
-27100849 -424457401
-121884695 -23691049
-950523623 -940745994
35623790 -625920405
471118396 107653661
946828231 281232725
-140119394 595884379
-894509530 -257205976
-183278643 -932140878
780404053 -786218527
-714924720 -775785497
686835083 705615934
675282582 -183740143
-246120437 -699701959
-477395363 -791982171
-947725313 -740147214
511519951 531756094
-809288378 244629630
999469630 261963154
266231506 -862536781
237874717 -861203517
-414750861 -192824087
-448628308 -487909361
740396144 -889279932
-410181917 -711993571
-904088135 377979805
242933387 408000940
149492287 -246020803
974846679 888369568
-833489637 -631521100
829517999 38151447
-945778499 -793825512
283497205 -735709680
-68773756 -741336428
-148246924 -712042570
419869319 -94641031
446552988 -446298371
16636152 223911132
676024558 -598251393
-499748319 -668475438
360733216 289804409
42769245 -791342452
-933386315 -262776292
685700813 969292867
-112751895 999939614
-428950346 -472883665
-125801530 718056163
-695186021 260046958
272980039 743424059
461279945 109048523
767953748 414902744
183995177 -176533263
620827491 -582420958
-725599502 201779777
229012004 507034382
304725556 -433099825
653783133 -747726790
-176878708 -890099330
-735375730 -898527047
-646094647 705049328
-257729872 -398464127
807891082 -520706229
-720750700 91216405
-436226545 -357392379
-388974616 -763171066
96695847 -685041672
-895087512 766068785
946584308 476586158
-337467226 -514377077
426608261 -649876128
-573276076 501093335
-762203611 -823157144
-919486656 -726925002
-601062253 -497232105
819343967 841887383
-375525424 -208384057
27960836 -568169463
428592146 481024362
-906500243 639869942
-511010404 -971777097
895928381 -494054719
534579294 -604406212
-864576196 882691655
374590687 -883398017
224442217 -987964435
-995764707 901566256
-227570062 -308678149
159819487 -622945810
-926987320 -650576168
546053526 -883033571
-654291293 382973414
418657617 -984880075
-844017362 670147526
-589280455 -49048643
66156125 -717557693
68993879 -268066449
-179138359 -213348041
350143981 557674465
-990923675 660412494
-997206107 859803064
85614563 -97104571
-155974499 407106872
155276940 339878053
-183085671 16172232
-983257720 653099359
644985474 -433609960
669878776 -811194411
422187704 215750018
951134968 -349882514
-872208734 -695839338
17166374 545417698
-979460179 615388027
338304415 -861415773
312829841 484148409
59750158 -860979065
648603765 249464761
659137761 -946807168
-341269728 1481219
-934493806 -110551197
-667634746 -542141869
-212299484 793372304
275327683 -601912526
244615113 755482411
-884944456 3245708
656501759 -152936195
-67725328 -300276208
-362678828 955990215
-352124771 96883513
321577143 -676318520
-461443491 -976841695
-886950816 80565049
935059511 52851209
-994981617 -407899152
-852784215 940494307
-946329240 -898668420
-874667011 937572063
-668360267 148928566
-983061415 -342569800
-373992415 -212905558
-802978826 -937428609
-43661337 416294893
-40476697 253448198
-963229637 110157761
83563991 -201329823
476871089 156400797
-98810171 -904706288
726100569 -784324140
-940733469 246131465
471006711 378047513
-766581904 752800050
-870229196 362001123
124680888 -639376278
-195956180 597375816
402268365 438868377
-752536628 588552612
287050380 -999555924
-540392100 -868702959
243662618 -220715525
-921108081 -622454057
747970763 -431677219
941202058 211423582
-896314533 32406152
-870187449 502116461
-746394105 746721617
48762429 -995630373
-574123009 -848407714
-104054540 -999986544
-773845008 -911620999
-86856761 280276411
966980384 -323948030
-930516487 725782670
315198308 -511216015
-132513880 -427260643
8667245 -565522703
-184469121 386848199
-882340298 260129783
-482463833 -78411581
484495969 -541259863
-420810171 -952432201
-953445382 -240582782
29868805 -713189185
476063837 -526181685
-404942871 -706176976
218659915 465649966
541547472 545644496
684850160 -442730222
-143025721 -858629629
-666614676 -577694555
-745839220 -664744423
790876558 -868486046
-405647885 329554608
256949621 -244355392
-951878055 -229848148
58236095 -685515789
-421120990 118600160
241043282 853260910
-346701718 -952177890
-974207699 846989860
-517540365 948318020
-449687316 -959303994
-483553395 936672708
-751434223 -210679376
105240049 -964043007
-113723456 -296700584
-396708376 252027081
774377061 997341985
-990144362 873424203
-764652493 968156022
107647013 835095295
-713515149 -707445817
368085698 -691082143
514447800 347990356
868921089 860921801
-439125501 311978010
-947673326 133598295
-940888472 -211520309
-995935353 181002581
-933486707 -364107480
566956168 240352415
-20722524 -598131476
-631786947 656394764
196282487 177855795
-281911481 -944357307
31354806 639709505
-912507769 41585378
786241349 684451230
-705095791 -937216613
-214085368 842790974
-221257016 567987270
390214553 -286087089
-256840612 -485056836
-709340062 743764688
-256219393 -781647338
951121158 -581987184
122389175 -501491023
106669492 -561714623
-606577971 -858107710
76869860 -892956249
78984027 132626521
-241108561 -216964260
-298106636 -405904223
316249136 -29818995
-863696989 65611684
869440655 -996667025
768693159 -42718461
-916657351 -419436101
519242172 -677378026
-941208010 860455466
313116742 -988873778
753293021 972683460
-961630166 -924820553
-179418707 -630189583
-413995899 -389079635
-380741752 167620774
-503217668 -995765612
-699601235 -932010742
-765840998 320305310
-577179281 -675563690
-659917563 311533992
179650736 -179109152
277534008 -27430250
481750933 567560319
-343099963 -694507368
928749694 -769544407
354136010 -920287189
289375905 -716646542
350323207 -725041447
991075574 916984664
-935908093 303373802
470290814 -916615131
290155439 -499920486
732881087 -640791405
-357675552 -853295933
-655972687 41071867
745596560 467282253
58107670 -696471117
136274956 948596368
-66459774 -504946600
10845322 -465804563
741065199 -529374429
-378300104 402209417
-551870659 -515315842
-318829565 -803821112
-208827529 -983022127
879270107 850691920
-574043708 484404193
63744552 -446675811
115453013 -965965172
-768822397 -395943802
217320417 -572456450
-755838012 936766546
825701043 311081365
-985200312 777736811
-517398234 -957853557
833147638 911952004
379521167 378800757
-991711878 859513046
-493750669 -797703297
-465925880 849574027
-35118536 113746951
277538205 43108729
619397842 -988211584
-440587812 -642762850
867986685 188779302
773360673 -905221955
87693397 482120115
329951252 480894388
-943489614 -417714472
-610110283 -96133378
-865519277 -496811674
-704406804 -94830339
-587662921 -780442116
-267549158 -74963110
460889597 -9079372
-332687689 358406343
-163244456 627507452
18533925 -92472762
381428072 215898387
-850194543 -70518485
-225673 295059761
322640782 20392977
-912156856 -503070772
-674368187 105548535
-74286099 -898004761
-872011277 -86189677
754538964 438410991
150111458 -577032041
-348384657 679953748
-984864473 -581794548
-934944867 -687555992
-351074459 569608121
-285430101 47738469
-877973270 642325381
-44636424 -939606787
416449507 410637154
-640815602 -764354531
-466447585 671212680
132893647 -46489173
133495475 -668984212
399703186 275577864
-692087753 793029706
959734038 293282627
519120702 -571440669
-863475921 47660757
-184078854 503614727
812642440 -121527262
-458765559 934004842
-493101498 -624504535
645325369 984038011
748263908 200243502
178641843 44295373
-911512920 143669836
680293002 274526564
966065970 -660118599
-919794413 543054040
96729108 -126024045
-874269795 -976353213
-852925586 -874001599
-763750335 -901660001
-176087841 -482899543
-958938610 -223468957
-100883118 762495482
-980377097 -324393761
168017184 -283205739
925368604 386534432
139145027 -206244216
-514953476 -670995144
961707414 -899925293
-524095052 305359608
-514006096 219234987
-606533165 -105053268
-605738864 359861757
675578525 495206564
-916916046 -472355672
158242233 785433623
-6097770 386973244
-928192630 566615132
951011304 -280819715
225084679 -927523836
-930382345 271297126
375992679 -942438590
66976720 189280590
608573501 -376800776
-168388651 68367967
-50351198 -351049290
992623504 -984243237
-316572840 617733964
-888238072 -79510073
-797989899 -987878400
864268382 -27713456
16874985 -56989931
-259085177 445244855
-957253232 185391678
-327861073 -125037131
680408274 64419421
158429237 -366557443
192617320 854419789
-196775188 -282789758
-673173317 860375802
-878312459 -763456848
-411474933 -968877013
245516288 869145107
331025033 -799421168
726587281 953393503
-897906768 627473427
-553324250 823983985
-630225030 -862269981
427015023 -255878135
658908574 -503785783
193343818 179769793
-325601800 -808141466
193426791 -573186643
-143289881 996600545
-714108207 62446612
-786316921 -221149031
235407518 622255830
-198647502 461483549
-763946343 -48482810
986176768 187130808
984409426 548184872
431276652 502360117
-946235007 685105611
-444332559 843783731
-715859293 696715268
-741839237 -9023199
611411922 83900737
-984090742 98926978
306355046 -963548806
-397621837 -68126417
-598928090 -988092916
992338773 672733787
-71664768 61548769
-843978693 -827426238
344294484 -970573852
-917495865 520044630
-75368302 93278594
-136754374 -830282950
-423823866 -211480185
-469054932 -200795409
868832599 -626329629
35741569 -793892399
-840672604 -949079590
-440687127 -164466408
-582486989 312101128
-878429100 -576358488
234602379 -24813461
-635032931 -211767149
-997091586 637073864
-260053116 -790520389
-1875356 486124991
-932090873 -526645559
388661399 -620142603
941872495 742040006
821821291 -471401089
-977950462 219397882
-16240547 -431471682
100695123 -41202997
931425980 -886362192
-202323127 962279937
132534180 354399899
-927555707 -904511751
-860809857 -240958182
162971946 820825075
-34934225 -936021719
-20381224 843130330
-960151665 863552128
819107448 -985803803
-775201838 -241026339
-982542753 346174337
411860814 597885195
373466630 -448071193
285587856 42123325
-909901657 -693120334
618310015 56032850
939251142 -365366925
874300523 -921244135
-761629988 227790029
-703346620 543812973
-32785843 664612556
873759223 571061353
516720006 -117749048
764651376 746511362
809973938 126116211
-138222734 260794294
-51445691 581159682
588127396 -417103991
-939690704 592013644
474556735 -86241235
-111996342 813617003
-921916097 -756350596
911701846 470082955
-115134050 -382233825
860153627 -464924037
507680152 420763711
-94980216 -959162013
316764116 35515277
-302214749 -731482710
106950683 -130704780
-86488001 35574790
698020242 -283977689
836106836 -892414738
-995732340 -140398731
196034714 308502278
765241066 -79987043
-224490101 -83381150
712812019 -786684702
40006643 22245968
18808176 221896501
-971623954 -825164512
-297582280 -182987519
-481670751 366015711
-974131653 -583915156
-68781524 -871893204
312306078 271198256
861768236 902005662
715075639 750754639
-887713521 708210487
-815221734 -693036900
-126898394 -537067909
-833599644 -332925102
663173346 307276870
-502838367 -915820999
190703590 902614384
208448058 633661127
364134594 -525294014
-518241903 -105012911
72541235 -777196273
598242968 -55893500
988761464 678443540
-744610212 663840210
777841883 -898936777
-942492169 752431623
-619930844 205938714
-738694188 -837275831
158425752 -425129838
-686115119 243357935
-899071765 374721671
-829433576 966703070
-689797134 636757593
866831128 94685626
-111087667 -946667801
-707938697 674186126
715476688 -951265759
-676407511 190368419
-435637319 955794415
652031923 -115542202
-799593548 -23119732
-85817039 575014889
391806501 699979183
427688993 334117420
-365280387 181261042
-884499974 469677250
-491367044 609176432
-980757694 282889892
-205401036 771470902
-601832094 -551047910
427724719 934564302
319808134 -343281725
545585992 -298426568
659449594 -797231
-721180957 -697662053
-552433573 761206795
835496964 -405115207
692339166 870942094
468214484 693728558
600133321 -496985334
671856870 222376742
657335592 976393154
-889828871 -898781455
958994547 749559272
496589780 855958796
-100488303 955700246
-930666460 352670106
64584400 783747643
-425076219 215059414
81571775 675234217
-996610698 129423892
-380602989 352326868
738234275 -864073863
735467798 -115612568
165248737 432145766
77173586 -230684308
-962719496 94162960
-305600541 345569615
985716395 -960423615
26329281 -72426937
136676268 -896487436
-726090922 532418425
-414909496 -711518885
631508526 692591586
818397740 -28964277
469162908 -545978450
-269206941 -20034580
226725097 725694079
973733018 -649061683
230199157 -867837970
-812379279 -164535949
396221071 -266270472
-58923978 -552358401
-122861048 746613256
375022749 -64182924
-892634296 -390876352
-513393313 -219139367
-347907986 101428657
-597598941 -271405790
-468867724 798125800
710440016 149250170
-20313928 -173309445
-883554558 -820585214
-642732086 -762446414
-608979871 -424651717
907213587 197841587
611845731 932477659
-390662415 934762199
-649104281 -485745429
602379269 743440703
741015653 785389596
-746059559 -73014702
995528148 589468237
643574226 -530134979
-275962072 263111994
247432563 863724327
-581711253 464994198
257472931 -39018810
-866165110 -613908670
488885723 222891617
720905129 -57254693
-413972817 -1140461
-47396626 -85681567
704409146 -279850511
-665372869 966002871
426860155 -711260964
671419479 -686402854
-297636916 -953771124
165595874 -175973616
-710603615 982065887
-184969455 567669249
-659797100 188671986
-882815692 860117413
-926089088 -586376473
-633947050 858765642
-170467815 -516403029
736171349 971550854
-817470032 174524260
-440445404 -396795241
939570673 710023298
-412078315 -372500052
-900564381 -527828833
-171271896 -998206867
658372429 -924840210
-509793906 146551966
-271871969 285996411
466256269 -5736242
20723399 198794757
-548095255 660873423
307176655 -39668225
956535220 217839676
-435205025 -368574915
644703768 -873275408
703923567 148957824
-638805856 801191786
700859190 185581113
708489325 -423758762
882722743 897086703
-353489688 779043611
-28847104 291005872
908405063 895625896
864530827 88232365
950620703 -403199781
672649243 654887871
639735600 -621412751
-930668471 -242655262
-442564203 499771965
651850916 -862759557
788645779 293516947
162369648 -712062823
79477148 -169423420
-143125440 -534606862
-272972008 -875006239
-882908483 -699420924
-49007412 759125542
215616145 848615104
-971868221 950364469
-414757325 -301464535
-860054247 -987849285
-793879460 -623206831
981000027 -919009299
853563156 438179510
554577585 499421693
-940203294 -871625407
-43323528 -348600185
-794941701 851061505
-804879554 -818193047
907713037 2163149
-358198178 -899652880
-802143546 68736822
-293456154 445335459
565528196 -137252872
-618604248 -972798784
342777657 -841565124
-917277701 -669766807
131530903 672192536
-578535737 148800435
-989075485 -489312881
773755621 -857265507
-800609848 75795344
227522515 -904487124
114622623 -37428020
-47044991 -618203063
-820017077 316011885
277670742 123174441
-188427243 434684802
-198921302 154694243
-863575838 515839385
114039334 896651992
930257123 943494679
88799083 -261968106
-763502614 966819552
-879567807 174272277
-380556391 -864500546
-554868933 632300568
-880460402 -356712850
294451052 829486854
-485302568 -544390492
649799401 -982833810
144
-960367656 966832194
-667093713 -38934826
397870331 -464445063
-32138418 808466296
556980881 89428272
-424606818 -485652567
15627256 447265236
787035530 -852650585
-961069930 -98868689
259265333 21110546
263123445 439889520
-770055403 355760826
470707912 -348899986
608753833 506555501
846107177 -320408017
584423535 -390870055
-407559634 411043870
-247590731 358870547
-951302416 -730975219
46417332 392513641
-300020719 -363642499
-208042753 -678193777
233366815 683898861
748656661 358792232
-120058974 596430740
-449238438 -4946036
416813759 90169577
-850395565 845872055
22863823 -334321074
823392059 158692923
-229754135 -509171061
-122710354 -868156333
279344721 340452083
874701951 -764378327
-866386957 514002586
-692270401 -129251583
715073861 720871793
-617532845 -293081386
301610294 895782916
-791401327 224585207
-879698799 120173380
912348058 593549804
522994091 104098844
-816922619 784959963
623033198 -18325408
-964508510 90975720
-186452046 -727917571
-103300260 939779181
-80550040 -949362445
-899663818 -424452021
-31463035 -725273505
-761639585 66493250
653534888 -625013211
685942425 735098457
119324186 -475153618
377804045 -563581286
232671693 -261598358
-991598919 610531312
315873996 107653966
951954366 536837790
846914061 355989489
18879659 -724172365
565351219 -964221664
-968928008 -611556677
-783357219 130438602
-506241195 -272576373
-815503382 -984243895
-889158337 47508092
-602435862 38841549
-232136067 259887108
-266135264 66033231
-635553504 -371102972
-894677291 -929281456
8112217 843539936
-518354564 148977309
-311321461 830831290
635796814 -248595996
643250868 477638056
161913284 207762017
-159211725 -313859335
-873544088 -78340390
-466480541 117321188
220197348 535482633
-454373168 -405007266
359019906 -588509350
26011210 -975795293
-627425225 949412420
764024308 944797721
514189507 301827199
246337957 -353449539
-693655793 208785190
-142612290 -500029400
-950152864 848149578
-353512762 391238893
-249873885 640606915
-862123428 742647647
297025343 -854077249
683308339 -586312005
449566626 811791614
611025685 34866419
-470152920 672673098
-944181144 283116209
-696658511 -865772355
106200165 140241076
-964817849 -813117559
312093973 -998683185
-904653256 -530074254
744643003 -526764717
533456540 -147179867
42115253 -898084114
-205697148 89683812
-424713332 -128349718
840333387 -723732432
-630629438 783295704
569119596 93864812
-874123036 928698809
522715045 -290859984
-870508291 -595307739
-417879422 912542361
-435766969 924250512
922115011 -609511944
-777268040 -607945001
-211460803 -143301658
798664506 -972946477
569511544 238883907
-932132716 917582787
526810580 -176679943
303060378 -502459060
-983259191 628376262
-411761934 649948121
-778264064 -168251193
231140926 -219395563
-358826864 -876043894
-728864048 -978353670
-114868033 -206253400
-669308964 -763436384
-67536485 726124446
-383023401 474651677
-638034688 877310480
127495636 -576546876
-784151090 -327249413
-582285746 -600575065
-898997977 28919431
510551173 -718110223
760
646583894 661231216
-121847335 604218471
-557345988 -197373524
398395325 -230805493
-999475791 -779553925
-372108550 -763041208
131735606 -182331437
-192318812 -546405971
-864617800 -378073264
-80257997 -483446685
582664031 101917275
-975330803 -849149892
307061696 175699509
-15388284 -992389323
-350413325 943869024
-62035443 840340519
-603864908 -356814456
734242657 768279115
-559105028 303212254
-97362775 -200641833
-844982863 -524642252
-301496204 607684870
-279636464 784631413
-603939358 539388041
759309678 -984577397
509650981 -815251638
951850219 933922808
275636711 296953776
-56903818 -959267633
689092423 -9976332
-375508880 69670951
374064420 -990949251
230556662 698297624
83014291 -850203135
-214924229 -371043971
-50531131 919784073
-983397617 449334127
-948335432 -256999012
-999801989 180487230
994943624 -644692043
656294639 660965259
-296819340 -245156821
463406624 -655079523
20093686 352626601
-666604135 -400531968
413425747 -870089638
-1457709 -936932821
-300887009 109007000
70076687 750818431
184438623 834012718
418966035 -243749690
490737224 -871185781
-682937443 -36532708
-31921736 155273376
279977905 244957336
64773431 -334175634
-879681508 -150743274
281475920 -347708323
-837802596 -104979015
642231307 521745505
593950412 813561806
297871571 336091218
596087894 230999781
-444135931 -146456767
-689644929 -952616619
242008586 -102743938
-447535200 704087619
758696141 -558875521
-134430891 -434209815
-821949621 47999582
-931898020 -871322344
755289019 159683494
-761096514 603952959
-724838878 100685463
-203558617 -475247670
944555728 741980450
-179136401 -180439935
-614099403 -569280161
-911556317 -999746387
553463553 -896761308
551866824 36818153
120385713 186061495
192335011 404619720
-844097431 -675572157
-802222432 890383467
801856151 -870576490
405955315 128411264
-219972609 680179249
510163540 -790607113
688038023 -551407956
818882538 -470898879
-979757933 -655522648
-985057248 -965270188
174355456 -982566938
-621829449 508339184
759696300 -929072384
-772981973 561022717
-698910780 -64951792
-930096890 -811985139
17324090 -951333137
338654090 720604658
-812303496 -890851068
-898977258 -184382827
-310292190 949919811
701810257 -862221347
-903076986 192491872
893498900 -524152593
-661731979 -118584662
-394611240 -861146519
-18311966 -886072463
372184882 -515573359
-351950490 878540633
-672159363 722031504
-453622891 -680003609
-119708551 43539160
-736282929 -965951464
-538432041 -138246051
-131094525 -194481275
-383699613 -153025172
584321880 48098007
722330955 284282772
-417586993 -615054377
560340997 728323062
61893712 658511014
-743125762 -156812404
-790660581 -210598653
-685532137 -695881826
-696929442 -976858731
826725132 343076012
-122079933 989911179
674350722 -813125634
176377448 641314254
141221263 329315884
539682647 -731698221
779824600 212333137
-641809177 -283500380
268304611 -527083045
-521714862 -492976355
-668709781 717097709
375946777 433570143
394357708 628442292
698004276 -552318251
551940002 -880762848
-583428987 -487673729
405695874 62953671
-854110896 679329701
-883287814 -70859609
708954200 946944422
86571215 948960064
-396272043 -856975129
-776720587 3162982
-733874123 716661685
-509857650 -924793442
276235870 -370399146
49624409 606765605
-697337790 602487374
412877791 510348458
169826066 53902977
-497786017 99679571
70283715 -64629267
195613491 -328541742
-827622779 -811486456
-191245317 315955318
-673050827 771581585
-889066560 -557479516
-294094973 446122761
912811028 -215247994
629888615 -763448827
-276665986 -830152369
-376632646 509888612
-968871068 -216092588
-680300861 -820655621
321421112 996235757
-402649182 -810851599
-258621953 -359283965
31394187 -845897675
-867502007 -899289941
-997195067 483825853
-918997593 488779407
583522252 -506347907
81398690 -86321731
682591033 242827935
783152823 315202276
-444525839 -257189582
92255315 -155135351
-521718221 -549431068
-315299198 548998588
-924984065 -780081244
-644824395 579338222
39620234 -29679154
-808356596 872704175
18738793 -944223580
131420848 969981798
728693187 -159866354
-578790703 158554167
-414342580 226703739
366730173 148929299
-970741884 553357605
-677429344 196290364
310244534 -17433400
995084417 -425867739
-203115344 532390700
-880883571 -464936801
293155604 531728788
879263327 736740460
-200818804 475632834
819885482 -794288247
-903755352 -885430099
-130548096 399416340
-250475564 -881877450
10808022 -945222016
-30950319 -697990281
373489372 -65846399
-933371210 -8906557
424330369 -279701326
-305504221 -183063792
383892585 834779085
414394322 228881211
456280078 -171853913
-190231998 166938575
915965621 -883094618
-971298084 -204761207
787658670 883045160
-126501719 -312602125
781547912 -888733137
751393551 -886937772
861322048 -154625113
-536082743 691699789
862351090 -39385395
-732391911 -141604995
-750291511 -332471615
-305005233 -386507064
-93213895 810107623
225476359 -934492664
470168888 -818341766
555676451 -359290268
-74540334 -875965112
33698535 -771426485
934305769 269611297
-40447913 737220886
-716233610 848020390
-377291831 168384552
-551302704 440369255
850399801 958763200
-991206110 770021234
803401594 -813603400
736498874 33812588
-854537714 -613275975
385172353 869003391
96687868 -819144725
-54753580 820044081
-276198501 584417085
-499275205 840700619
-994115149 -877557005
-389916861 580386395
476394669 739144445
-599232202 195663994
520262179 -713989553
-90819257 254599196
-945759074 -467349537
544490945 624471326
529971771 -733633981
457760985 -904570081
306321480 619791079
-821528266 687262126
-707006953 -845861642
-261895376 458870496
415628473 -503579402
-632978009 -34431447
924233539 636849800
269070530 -539184294
103539660 522290128
-989989062 -249889500
378165610 -929209272
-926174942 679685487
801440194 580885152
269068980 -565235144
353567698 118027615
-791785945 202761422
-452349657 -755596241
705244449 874185128
-860687900 -338710530
64249065 -557260408
-906514111 406790466
-867591408 -401852548
-306725843 759971724
-594988510 652435087
217984205 -153589769
-314925311 390466456
-347320662 -764835110
46395750 29784967
25229196 765797291
678551944 -922664184
-858589767 3345958
193919862 -876076934
863316319 -996650768
-544032598 222472918
126281977 500322781
-828002807 -756166111
-282626053 -69267029
-441841151 -232794953
-76591659 -992846035
563562679 -959442386
-100497601 799428760
-865547734 -975088473
-923793229 -654579906
-172777983 -688690959
-99112005 464820615
-512452903 553945974
621353851 -325823026
-231319554 -901880783
408196379 -860731734
-927944921 434893001
-994688003 231904052
-278438763 -560444350
-731936130 -923744669
161568014 847260068
-271121803 9134491
845029878 900780513
-548650781 -85917471
-965462088 -903424197
799367536 105460498
593559689 689131286
643194109 -476310457
262163795 -656562501
865486204 -887131925
-815850267 -519372796
215421261 -279316637
-282487139 117976922
503700451 105922061
-238885558 637825162
-517889512 -624828315
-501477797 328958874
981866518 759203056
-629089704 891801278
-991314489 534452537
-587327464 562616389
316130760 128119220
-833388823 -937140202
508627818 -831683003
-332194520 57163138
608648735 887657062
76323903 521079040
130091392 100651276
-778139526 -222624674
-943404266 -983270636
436020147 769385643
858441892 830716876
860324363 257152268
-985950910 485811616
95982796 215612053
779840860 485614957
-914297723 22599558
-480855635 -966715206
71784538 -610100870
62070913 -658239073
604628011 -116658149
-227961954 -452756052
-995942418 62261126
391187171 -971681892
-212971322 239209273
93842705 754324615
-869185358 164390722
-956126810 -771713082
412437284 -450801750
-509727056 -877383731
374815610 749399197
-46307098 -953853647
926115460 54041342
-319769109 585132056
779824157 204887636
923190689 289539026
-122555542 -561198343
-519394599 -151021760
-104070988 871055567
227871548 666743213
176489423 375794432
20591375 127351036
-859355429 581293097
682949654 -172279859
-906655479 178302137
777307572 858316481
870417846 247112936
-213279368 -643152555
760665691 331096624
403808769 558634641
-33114819 -569519782
-791382817 535682777
761963393 666737668
83294608 -433882610
382417520 -334318253
870804606 304937315
978450041 -826951061
-259340265 452948133
-337278706 506594916
-638928565 886305270
979075876 -898476804
-363187037 -995543860
318374491 -816199509
53367851 -901714111
-523988120 -44917915
771824917 -946869283
200720623 -392320098
991371429 -553031292
-694721850 -528565633
330232386 910946232
655380339 326710688
-296173585 -129370771
859364792 -837972000
-804668396 583255812
-689437693 235431539
-974023223 -909015793
-836789615 -259676524
-903589586 167158260
313244122 -995481765
-785478491 985442097
724417193 987946486
-133989824 536352313
-870046937 -869739158
8135201 -917651623
49703571 -210242308
-991409016 -906779105
-313522889 338652893
700486679 367239677
122228439 -908013681
411794749 -512469260
279033875 -588969345
884809833 -532413666
80851165 -698639818
194139248 663659921
-104791693 -504415133
353276603 -479438756
-775549970 350370078
62719450 -495695949
867714095 -97673534
-981117405 118151565
-856041942 436494284
148271614 712964556
-370478990 855169948
-473754757 266140755
-387788838 -161153043
-729336256 -324818938
-535481714 55775957
916617785 -659592505
-667667143 -939154601
-987637823 51152236
515150230 -731170516
-940972053 531217471
875493096 -352506194
128758093 -833268547
936854883 162897355
-432825862 963311980
298211705 -389727585
-533419167 361265034
638134947 393699689
306535194 -83285017
181035703 -524288900
-805160081 909440605
-879888886 658821974
188211664 -176996605
-724110562 -543409407
-40974180 482186005
-710119165 534282449
848970814 564098808
-538656871 378003433
640049183 354009436
-900132760 -277552118
-690987364 -40085194
390988178 -168673596
-425735354 -125604296
-261999293 859821124
389148983 -867769256
342496919 882522251
-325098694 -942373512
-986740981 653516692
-930833383 -305321108
747032752 983041080
-974769880 -11651619
-614770078 -956413004
860675301 -287083707
172869838 -329028547
-419419826 792776097
992294869 -65160741
-146935439 -144750645
67860114 4098019
-51092793 69865427
-652344742 886401366
446677701 -497730627
-969380699 -191526217
-110163688 -597221924
-377332012 -506937515
909275269 488792609
805408266 700278199
-989200036 126368600
-191288105 -403182598
961443924 -885950782
-291732689 -653159344
80287434 564151500
346937573 354666384
-743709606 767939723
179184569 575956667
-959599829 -599158455
-712353824 -516409365
629682197 62251141
223369276 158985354
390166388 -948112597
779178695 94026037
-459381755 -832466742
-619594011 -575359996
-163611753 896797714
-915560517 835183761
773332913 628215725
-962423646 -814410540
55798776 -847346929
544689779 -328692930
926327799 -672144379
973867592 -534760112
-701161111 768440737
9792279 -984429088
854796697 -304533373
-898406985 810260896
654052023 -523459854
243714159 645534062
196573968 781809668
-784367339 333220938
-400067832 -375775089
-109536418 -792113269
-856122105 675151899
-232645677 284806426
-206468803 5380109
22157367 677174816
-593218010 344457529
-525243831 325183778
-189146191 -911255999
166773789 293890966
6056040 645111449
-463831782 -462142886
5844775 -758135759
973238363 -372793680
606880764 -909344124
87402209 -116909307
-154207166 45901545
313616120 814237680
919867654 273864603
577905678 -414826657
680756188 -530640922
-189411485 -927601316
-232588705 -905148817
-269033393 749303009
484544833 279997385
572357696 829520337
77446213 56390387
505924560 979300025
573828145 -226447084
-762139726 250558051
-293290032 -910135734
-893811670 -851648347
-882282196 -349307059
209528863 -528602061
-282013010 -503271563
245904770 955911140
466345351 -656018715
-732520729 -159165474
463481222 598689063
999174224 -407958194
154896891 394845451
236004305 -84963296
-108512039 -755244592
172958251 -990554903
977439048 -638841236
206560126 -884557292
-493666376 619009154
-930956212 -783750955
-44631409 -855319682
-309383778 -962268881
-360758832 -986891718
-293962911 518205148
-926771218 -751990657
-972731026 -104370793
127200226 900948195
122096946 -970532885
-228963496 -105803270
-326120596 -937611250
-404298486 -613416516
170583413 -102267876
-888812107 -989898083
717668062 -775548587
373614159 -116034937
-491056105 -607322736
-490471183 633526730
252807862 -987938554
-708266387 -538332410
-611231481 387244659
-808971666 -874842727
131796898 847803207
267480782 659208481
241783872 415455158
878482687 501425862
531610384 -963269054
-552323758 459383853
453684984 -837925831
-28706013 514838662
474757049 -867047484
-411582959 -636986348
-830591963 825045584
32200187 -184357557
114420700 863819413
-983600851 -818936064
-842755447 404316461
501479497 -714429818
-900418524 -785420372
-185235517 390932509
-956818832 482375046
319609275 609462356
-470200320 -123978702
-857928346 943956961
-731561931 922966983
824679578 323188286
632358117 -60718006
-639815939 -995404019
521198531 -9107018
-797334011 -701787019
986223216 967782344
269691808 -834783183
-897312252 443612095
-481763141 960700628
-641108419 756721091
606197481 491620377
-912935192 -699662042
193489656 483385412
120961461 -874760104
-627041988 948025738
-919619949 766260350
-128750031 554723737
808314710 156758626
-527229109 -829128863
-354436480 -101304004
131115421 131637503
316335089 -732690571
-866216321 -913085456
-516138952 879546194
-951564812 -846097497
69056933 791682129
-214156131 -346522767
-239515727 783993014
-596093116 -732808779
-705454530 -524092045
355898257 633027082
445158514 -260902772
-38303252 275316314
-792991309 -728438503
-268669796 417826847
-62729583 -88652226
168667214 -95569764
-130277014 660524220
880572775 -877687121
-429292826 213505916
-258265347 -808257864
384609252 -5100528
-32249638 -913324597
-801940936 -820964202
-569932461 862655818
787210807 -201737340
70183811 403767852
-129057378 -315889998
-790642424 94566046
26614920 433340442
828740295 -147817799
57810364 749157882
192878991 957356992
-855540202 -282222615
268864496 292969562
-447595459 -308685394
38052772 -604209224
298717473 -479219397
763733096 345364931
-306923946 -422061750
-660367631 -810307943
288669851 301605762
819613592 -921492536
-641538301 -25854742
-955973522 218641178
150737207 -797486833
-975299079 -877491115
717496369 633774456
121371450 -426525922
-527778790 669800805
25830639 136831557
-434028860 71877417
950916483 273007385
-944455366 530760840
-356653180 -850158905
528449381 -550638947
858714919 -875485629
-497565272 -485226508
733949928 143350106
-398441814 -964577974
-514979237 -956476624
-208586039 928216656
-990895838 -871731047
328668639 398854167
-961498940 -866788818
202375700 -492728370
-795793180 -574844166
-83991531 -955926860
-997110588 -243819241
-678206433 20657423
-910063875 875449034
-945572581 519554667
279758145 846418310
613837020 40333530
-926215164 3674333
-729532454 672648570
643576760 -487546041
404264443 -372787029
718664121 932829497
-919772090 918236701
779724943 684881585
85429753 -908238947
920716381 -493966237
-125787379 955892020
144995511 -661407390
-958184633 -997805891
-630832036 -474285235
-59668403 -179007494
-161383633 -309895092
-965988691 -602579739
-231815543 -795516965
-227465955 -706435447
169505112 -897919960
405755483 -935197866
941214265 416586631
567796575 -667312665
576106204 -593815117
-953701585 -813145800
-162552514 -627925236
-864337869 31759759
-996696365 275575779
-727130348 242654819
21075858 -319877771
906333469 438083890
-905024108 -882059368
-899204157 858619465
-479781007 -85311586
480228872 756084856
650414071 610506645
-98704273 875121398
-157183539 -585875585
-805457022 213720512
-946517669 229372671
126313710 -966340688
-637668868 583196279
457474823 580872479
56073869 -518826172
812596241 -897993855
-274671291 482431791
-874161157 849525653
-848140354 94497686
-974827953 598272626
442568506 -841494288
307
641832258 257379903
544943241 -363724390
563098857 -164964152
-358135809 1099256
-911695006 816791237
887827213 788568113
-864331868 132618566
-374808246 -892191646
44764766 535124290
-34593028 356025319
621074469 -726429006
-854792069 -31726675
-861303691 49108368
523599106 -464832286
-97744438 -172800933
-926927962 347053738
159567892 -556535681
536554343 377987626
374380934 -113749394
-732640550 -25513374
486431160 -228759431
-971050109 229513815
351037271 538813966
-299234259 -30511161
240487284 98537112
196328125 944893661
-20830560 -266408881
-237680394 -581819960
785439296 89248341
846260159 103276810
399537472 -362093687
53036767 -23791958
-646501186 314799296
-774959758 -467355073
451447393 209587878
463263044 -920744936
-400000492 756008291
-636413884 200875897
69886373 -300305320
-851964212 251425690
-743266888 -381233439
493771953 741380641
477291971 787713630
-340725767 553899158
-165482661 -482781984
-983124497 744694673
341652973 -416776289
125545869 -986542493
-866989277 -871771419
-349863565 -553732891
398405639 -57458095
462417063 -106762074
739129752 -846177453
872720088 286188584
-598859414 18660969
-104727901 567737011
479078834 754749013
-326262760 968005696
-271398422 -345033748
-983377158 -792768616
866879101 900967837
452220040 310564125
-941034757 -522648657
992600256 772511274
-296169066 -53419938
-387754942 408537029
569605522 -329111494
333973592 -635113936
574265463 681105601
-953023925 -161132415
-382641460 451483123
810101988 130768914
750345295 822376459
269372899 247764195
-4987590 -281584319
259287133 387503146
-759547951 860847536
460186291 -944641432
-863009619 880821039
-852597720 -220051522
-646111542 421095063
-968398093 -295209860
-964430225 -740771932
749302760 480359890
810620735 259415155
391685253 809647694
-914615756 -880130132
899167746 262861661
335053126 328744826
-468154571 -100813611
-216784016 583770625
-626910190 -984328923
-170740286 -800855832
236509550 -183245169
-517027007 986391338
-501558496 -879865572
-949339628 -516178499
214879765 -790305321
-682194774 -439396707
48786062 -598430542
784261732 -374716984
494165141 907240416
648756590 670510889
-924689455 -123538268
101994951 330169729
-142129967 -983561327
406870295 474094595
736506373 159848281
-139005052 -2722450
-866081985 -802783951
42868222 872163987
-470266335 913990840
286499467 331183873
-277280935 -428181977
-443807764 -925921292
86287252 471361217
-106221086 -905903167
-62491961 -389906566
753414460 866225086
646355967 -874570579
-150705451 917167081
-17509221 -279239130
-979826990 331320000
-136878093 -762144536
169716381 357910829
98586334 -976397721
-15014386 849263422
-960489477 -519086862
726146705 -8916388
259100752 -597518674
-922358321 -160401267
-979138906 -427427603
-649945828 402759671
106313731 -98538809
-638892448 -654159958
442837112 -622000540
-219703606 906345376
638204839 -579109114
-898012216 -583264618
127392407 -164033032
258812502 -999685483
-570406566 -663175976
-765522124 -762830313
-618719423 -908545009
633226132 -504375430
-979435076 475767657
938371996 -108788218
-954534104 227092896
464840931 -171001891
-902683773 358771822
-463089844 -877292802
-244424334 -110586249
890729937 182526500
909216162 -504618740
-921262599 -510427945
227676728 -460112880
-235582735 313796501
-449066147 743265154
-61952743 82795772
-227884674 846088908
-627455100 447303295
-720790504 -577769423
143337951 -602730899
-624878016 810681143
-872791236 251467783
-35809837 -767530721
-161581740 655487853
-13785161 34011527
194062765 -621789860
-973772140 -422504615
486334902 300916010
-35630037 106884232
899936910 305299127
616973384 -933887897
-102930378 713935014
907623087 637857146
19665576 -400167228
101159986 -818185144
-959461242 -978936884
820472504 481855919
184576374 -998289872
-736692606 591058138
-552247078 -399339034
-864285338 914648276
598608084 -361839829
24660879 -195971940
332497496 325944356
-291013627 694697455
-295483976 723469457
91733063 -342690127
-248844657 758972735
-205127457 -925454139
-652206865 -943783542
523162082 780039934
-463515619 556641361
825566573 198527722
-741185206 245857583
162839231 737767717
-115579581 719661246
511640196 405230162
825666675 -266541611
-320989857 -604626757
-276308717 879500420
426595217 -869106636
-98485780 252365955
27381438 431306586
-994539145 24750320
-840220700 56136350
531291995 -19465683
-949241259 -448847872
116845785 820033715
-450419863 -533803188
349475028 51999629
-275101148 -299723867
330581771 340608986
-783196622 682108734
726763230 -384398948
978153365 629266348
-484472061 529038775
765371423 -36560591
-500551317 867922705
-886532558 -918180842
-254945574 -847407875
-479629643 311179515
664406738 -437940256
905037902 138325791
-942758139 577241127
-846517079 -540406800
-968282212 -909124384
-928437749 741867393
68198247 -755351591
522109705 272608871
947654424 -865327053
-999543709 226431896
92832166 950064818
991459259 923127518
-772175971 -924887198
847962425 795974061
-946615358 173470804
-966011220 -981224642
-975170556 -864888701
-74612586 -90304476
316588875 -762276563
98222239 -800775092
-553976917 592027951
715014484 -277077446
844373999 614840395
-275812021 637535504
-943720577 -566068810
-772954882 -983658846
353825618 157921761
-305771987 -388439660
-362100162 -55788558
605038011 331760910
831045336 -61699358
46470173 -866871319
963265040 -490708875
933604580 -777853991
281394777 436004923
513515875 -282487590
110396965 -191101675
582662765 80639613
40773012 17707869
-943610425 -862227793
-449888417 -191724854
846311547 966954926
-751820636 -262671726
295657928 -361384684
-915651694 -697228078
298933311 -999113778
448304781 -921200831
-33819660 469119413
870484732 -776217709
-134901060 253594390
-801147987 -378772241
-943062554 -244094484
-861764593 331136551
-925138142 363787420
82203509 555369320
921209956 -788385800
-633060032 734491639
657952295 603902240
570210536 -898059431
770676524 -920557611
39360645 -97624183
-299158795 -909671360
-970002302 98610397
-719454527 401159546
-869699733 109224685
-566258812 328648798
65386480 -768079326
-792051387 36445022
291623937 558805283
687381628 -846020486
-784102837 483738758
-382803258 -120372216
-373260260 -792478355
-697155213 -623908281
-70851888 838721047
94956599 148188250
-688134192 668536376
249408906 -279617224
-892001907 -913775508
209532475 -467895177
-36145947 25919450
-518005613 -428654175
209895038 -816749777
166
-978177336 701293858
-951404752 -864979215
551602263 -114691280
616950624 831068430
326441500 -525449007
-975725607 -894686132
-930388496 167917269
185006503 -359046357
-270095451 79163379
999511938 973033710
482570643 -687959240
-686012654 -181996457
-857277246 588049935
428492629 955925790
712567901 -594608634
594560078 322800033
549440887 66284287
-711022606 382535091
-505786103 933703930
891921459 881083931
-876622817 278595326
630272200 -758986673
-443171353 -967179850
290920927 -519265552
-129612478 -908037463
12090675 -862509515
696134379 232577575
304044063 997949206
478000750 -184739599
135891747 950453646
-915959486 10636228
314919873 -895905766
460102180 -358295009
-527091497 -663767626
28034561 670926612
-380083935 486132858
-947353851 -939436321
-866012078 -189383493
-604623419 -220206951
-963439451 878781157
-924639789 711198194
7045934 102390731
539593248 -86743567
35244322 -561188140
-347912778 20889513
843189108 27730181
-149820754 753884031
168370295 -790920103
-277417613 -577845476
-987401173 -266438508
-735621383 -732249724
100648267 -828711789
212875297 -119660645
848695302 228535918
-904608432 -338243777
-680967852 854128524
-797098749 -895222232
649313392 -708736132
156597963 -932524856
769336748 36663627
-329249122 168343443
905261980 -390562557
465591958 -433392984
21627114 355147233
895468596 368273374
315704742 -589514365
314593281 57513431
53572245 386052200
624206391 372176520
-656113493 -177970928
80311953 976242333
722806229 -317721698
636230381 595913632
-550338006 -525820635
-779226462 836594797
866294848 -328637746
-293678360 -994313489
-477616582 -215042610
-213189791 862368084
246232763 26038550
-663775560 -105312177
-662255133 -321299352
636141719 -894228602
730910117 592854157
-431326803 388192829
94535995 -478452237
772489334 -664914646
77422244 -346456596
872620270 756031105
-252978986 -7218064
885544809 -917090269
332919170 970568333
-150831303 949456164
-648253931 921185139
941998528 712792990
-959021458 -29938137
-866116583 763211110
162280817 -57561793
867048424 -548187796
-894463164 -916406123
-906057243 -918606490
619596587 204611984
585274819 -968241749
-376546390 -187890443
866747814 841910875
19304620 -24303779
-658742145 739431495
-69750146 28346018
-536866530 403493562
-444082114 758045552
-755906609 -216143233
615992271 -243584912
-887322577 274828863
-395645678 932923191
654942968 -581732768
103391593 181211706
286309874 -707822031
487507941 688829660
-131266779 -942070606
-190767133 -237140782
-102495664 -569761376
-556885881 -906806116
-767496766 409099945
-706883501 -918487525
-966915814 433606685
-991480898 -114899879
-741489122 -567091335
-778663381 -437121071
-359305332 -327720982
81988659 -908130983
-998173474 -366348576
-591922305 646534994
-160631084 -546705931
388921774 -538987272
-880078880 174602954
882164654 107219468
91797421 738974779
844158630 -857382741
-623478039 717774465
-987233366 406410094
-818052671 -880471178
-537825082 -674504373
-35845920 773505945
-758602745 -432944398
-881438925 377120265
829030136 428572594
152413898 -534628607
-638440223 503934676
-252425658 702631044
-99639767 184659269
247442746 -965129992
383145981 -975976108
-957372792 323430405
406684856 -495095031
229924686 814095227
673143730 375796292
51852395 -602179339
55256316 772946086
569265277 394841732
173499072 -490910944
-315085456 -153606912
-603047712 492896834
-934358863 9952157
-444843189 851559909
-870654467 -904604124
295687270 131766310
694
-758723749 -319174979
-166743269 -194984170
-245921290 499878023
286884075 352839588
765584727 -746527557
651277500 89772319
-937176183 -96104849
-533516021 880923503
722031081 -460732252
92050296 694077610
24199344 636943903
-296823996 -323410213
-481360756 -866349265
-999991617 -859106919
463033373 -485858139
855545946 -596807312
148600931 -194655566
981958844 163442491
139340302 928259062
-425661843 -890104919
756647103 -637318835
23749969 -473250781
146530799 -627625738
-273125924 685611196
-536900052 -159910692
823504178 -104406691
-476137460 -977759273
723701267 -307203561
-826583761 -528580106
86984675 -691952304
922037402 233597240
261684542 -121433084
-875915913 860586128
361669329 990670071
544146684 -866556007
-179737117 460744488
-300442688 -865740894
73438701 -725870740
-61949995 128981408
772503011 -435045307
168321864 542583727
782113105 20531026
-886934607 914516203
526340820 517998325
-107878085 -837797949
-26876886 -955278554
-985933528 -808006266
318249544 -768700091
-487830507 -81788325
-433865617 668018871
141636959 873467615
-35027009 -495442407
834027195 662280974
341566195 272229512
-985781348 -959327144
-311108954 107469145
-6848534 653784578
-723440675 -22036833
934597278 874035766
923952260 204360941
660962412 -344668869
854176901 15973490
-176030867 474662475
-456552702 -529213205
183908017 506052264
978137506 362724135
-608558310 218073069
-807536168 -370747958
629592066 694903071
-987179511 -835932568
-887673124 -760320781
756795608 -288878947
65042216 -111673433
-201702375 657840566
873556584 -687208673
-956134967 -347281290
-103109906 -155908435
-630039127 -32765554
-994390221 380232341
-553399707 -444221814
557591299 -388694637
-352531307 -293316098
651773004 -172226541
-10539853 890811908
-587270550 -628313660
-950129096 -899865293
484324948 879357484
171753512 236233194
-532993167 -921403907
848049302 108632153
212474099 -420144490
-649233516 -510314427
-11909893 -660613902
-654417346 411884290
992446327 332910218
820112069 866475815
565390976 -296025765
207556322 678639704
404834489 618041505
-161847426 485070545
525704381 558786287
368115856 -184216637
335379493 -628455946
805953749 -869207255
357894334 -178645131
-513599633 608207687
-82585733 -950999991
56914462 724118497
262730108 271525502
-80659183 -783728846
326954554 -492485017
-853242956 -327114739
-466303475 945785803
-58985495 561209027
284917743 -483047631
847113668 -584182956
-274728830 -484626182
86210775 -813987722
719649961 321973201
-462222655 812650839
19634731 -918579143
-506739540 -58326200
904561857 727372064
-889144145 286033036
-918187356 -925952863
117199946 329966701
740545731 -670138517
326651874 862823164
-695172265 491244050
-942895787 972801329
871910470 -436159260
773466616 727878399
-969106388 685377957
-161980631 393777757
-528859577 -315117128
-685918216 -742260638
-649058865 277561283
430980675 -177158028
857820371 -877768336
-208316175 -978630037
-464800908 429625608
670551020 -250207738
-675493162 525446533
520102245 892967003
-873810884 294113023
-556799255 401633419
504749190 552209258
-650344550 143889958
84916162 -950228296
-419636046 -693749796
776360416 -28148882
-858878856 1120920
-695071805 32191623
-328292705 -937025214
855273978 -872806194
68677 947232917
640339386 936483963
371295856 -425047812
692495863 -790418721
-440624927 880928992
814284704 -437283625
-943866763 -314006774
795932286 351272217
192584094 295990407
931622575 270326326
-907857392 -694896831
825495994 -987693531
-323605629 529249826
17538286 353691741
55334669 -57658690
-761499455 274174513
-655887893 -681279022
-80738372 32825278
-415871355 302386078
-950517278 -981589226
-807766550 52189062
761215636 984087651
-564920259 -796611048
711633887 887287244
303243718 431452673
-834222230 -59309769
-593896797 -326497345
-827180752 175210392
353956885 216642583
920089394 -294318511
984086889 -577727193
853097561 -944624714
-167987349 370599740
760232458 -507799466
-692633306 213855023
-833274939 829424539
614852874 -66077468
-521980599 -664250820
496927591 91097332
-290002809 503646405
-802429061 -434946489
-318327657 -958187944
-491927377 -218405711
-902253476 -999161087
214708909 633085181
-725855240 198558505
-223815325 520160847
-269592830 -63220062
257801809 -954017205
886206292 -684447370
355927967 -867636948
418713828 -187625445
-974398094 -767021749
-197223924 765238878
-116760759 194955423
-651272383 -417813744
-131091140 -137589580
164795337 -745697093
-423499581 943810516
-897895752 812619339
-509785769 283310525
421726854 -939821344
543830811 267017423
-686015291 -226316516
-715166997 -552767742
-560204294 -992282232
-136492044 -716269934
237522922 -331371141
-989207891 -567176876
-68867321 -166399736
-863675980 980236438
-867747740 -881840825
626364397 134561363
65526228 -566818337
-485353289 750625308
-913895991 893584832
920106531 -6296952
-813194983 -989171195
611099287 -875588414
483937371 807801786
125979546 -287667742
-905588172 375135219
-321383281 -774452984
-539939043 303375099
492089493 381562832
333326060 -780766025
730963220 -662127369
-321453451 193683473
-554099563 678200276
-538180966 -213395820
-452877672 -892526111
865862452 994017270
965945455 -538130557
633828243 -974630441
-377110484 -931200066
-587237839 -78539883
475607902 400853358
279165845 -518433202
974792090 -29107755
205211809 -70884641
288241376 -457322622
-584356763 -900935785
-889091411 -975150273
37534171 -730401643
-903425424 217218856
-131908530 -990561428
867773373 898611812
-490786489 -370853918
996205993 -902892730
-858201183 91826305
-923055480 -578607854
-915786337 773267824
-465735098 -238920193
55714717 -112642895
684418967 900143615
-515577232 -417044001
-78922421 488742677
-33798858 818738627
-742127409 -557362709
-478403371 -553703451
893203719 957191281
506838668 -837155995
25025757 -505918335
858764353 -192132038
445221000 789299430
542011069 -252615313
-337416894 331552847
-518385858 -376980949
-901588968 -982236210
641748753 -998604985
409654144 17604504
-680865980 418807581
-759402421 -988197048
-196281260 -571276450
-250930835 56317441
-720078862 645379436
-254741567 433854127
872309502 -172079377
315361848 89917118
-798506684 -936065660
-758897611 -946306319
-927478017 -307786059
120790588 548344679
969669254 -229266527
-903877993 -385130895
-586261629 -851247589
-589193431 -733919922
-53082108 995186574
-856398687 883132010
-814297416 -190409803
-673946413 751853212
396133714 413004076
485336806 705785714
-766192252 859230273
-951349186 630445038
-1582054 -879315589
-443193582 659217347
390794734 875080390
-846404995 -804094659
-511364664 -483373976
-342799453 61196908
-315255579 -865380526
249219227 827415117
-945247975 94283259
-431218895 54318938
50819569 -781016745
812079474 -993362236
-960766449 706769184
730602509 -282146205
-594396281 -131390345
-871360721 671813271
-510391651 837669986
-390356452 -365368601
846131991 96640881
538628413 877143764
-527016529 596219550
296258526 -857068686
-201649439 -599947729
-945296413 866142949
-734120592 869224496
-482167691 603879719
191700089 470903901
797603490 521910434
-929055179 -483817538
792188601 -291815815
97225621 -371064642
-397948628 881948187
764025893 971436816
-586623051 -483216202
161424518 583006443
-585615182 -723831095
-141374832 970574383
-49148953 527729602
236937282 563195614
-686252900 75156315
224780347 252535534
730012044 531326775
565081777 949717583
-549552092 -201865919
56640205 409648392
-79069360 166622551
-100482453 -945978804
134615647 977877416
286358799 114460444
-615686826 668188889
851645838 426070589
-949111197 -971905976
877342675 668597001
-879150366 747752223
190288295 365202260
239099272 392539545
135347809 398422268
222025508 -950886952
-190722712 509442965
-16409256 -971996551
941005806 -939500135
61466024 -87190261
-882407148 -863418167
-981667765 -541814367
997059336 554341189
821281415 -955162433
965712119 -164841415
-442778697 -957745046
509408368 -597881035
-717592354 -513553548
-764725365 -256603682
-797941620 -176453247
-181827244 -308281649
381344046 951157052
21283274 -981320706
996238952 -348950817
-245562784 82837424
472160490 442258343
388047112 -207045977
-957765074 -388728719
-925347481 -445563015
-509137438 442391407
476970113 -326786482
755744630 -772797017
-625389085 811079048
-627652842 -728662852
255663855 -379388084
-703601267 558928138
604721966 -685040111
-868851785 -671698808
-127355199 375345044
-942338153 -953988759
-783185433 870162257
246395907 620516111
626666323 914064351
-625484803 -797653378
373062753 -793580991
98194358 878112588
723622910 523333987
-625720025 -456062238
-875919345 -783052652
954328877 -356945126
685555614 676416921
-446257393 705353398
557807324 -905446109
615304413 -919512436
425747694 -81040168
-744492800 489700047
-975666797 -615276600
-879593670 -821933655
316340144 -647731186
-882974234 342985666
506958492 -970757674
849501566 894513084
-658631281 455239096
-487769211 948413547
-991648674 -225700973
-959670384 -199019184
657075116 893540316
171926119 989755396
203589488 580053723
-819856341 870018190
-27454515 73929078
-926555442 165546437
-859377628 -353331987
-865442976 -800377923
-321208475 16027811
736942180 -957994411
51771616 187651655
-999133280 682061158
-72846602 -474182446
-479577327 -957029120
-342925232 94712902
347340065 676898487
-942512219 976977764
198293164 -388434218
-270636468 -423774752
613978813 275964834
-630733904 -972464358
82550989 -46985261
385679047 795074861
972915771 647853517
524948507 739713851
380839852 -932896918
958541655 -419745631
-388061244 -444513391
-47976046 913424728
-638210329 72795840
-793017332 981676583
-285550842 165928129
-886731125 -522055608
222556564 -615363348
-337567306 -48937990
-221582551 -608312181
59795878 -240046672
450334987 840733059
-448896069 -693201194
-740704005 -256531798
410212768 816463484
-325750164 993272080
-821044640 225629720
-504437984 -30780154
14489227 647764656
-968538320 -504521402
714697167 832226676
465729199 -274267144
832479479 419621926
42392112 -687365842
697292944 377226707
470517183 740485005
456723248 834053336
-898367239 -669211729
870792261 97454900
-812539783 -714643030
-336388961 428153602
-447133705 -990436857
252428032 -929290423
-704122643 386096294
-782189398 430653326
763538270 -781592004
-266363951 517458116
-597236160 -616596464
412288552 -803056827
-248391416 -213340366
479137706 -403272930
-556766000 960550204
-874317293 -188694943
230418196 518583209
-867667285 -91160131
967980819 -689506161
-915310137 748353127
-447736412 -530198818
798579502 -254125058
58102655 -780758222
862108241 174018756
-346516544 -134925766
-161639352 -312797031
-346753583 176127055
727926397 -162404002
-279367699 -993202526
-985530617 -892774874
979870005 -583936230
-422972242 -930621146
-885737496 -854518534
-290917715 159206792
-183092440 -97594351
202227629 -833874020
-649395240 -933442401
380543462 380643646
-83047513 -122201863
-911882684 -190029262
-720644767 -275851311
-22811526 799233909
7075156 593524885
104180458 554763879
-664502343 564547824
565504100 -542234344
380956838 885803137
-870338867 104717782
995633759 216988667
294272241 -28305976
795809580 436436122
-829257120 -362568232
667293540 835900724
-61571828 42383236
-836544774 -439601131
907999188 516535712
-920211012 -577800903
-385746409 -193787192
544335133 153222689
173819848 605403994
40386250 -40150124
-700290332 371237861
747713870 -454310576
646976478 816939563
-914224999 -341085330
953174758 -426870336
126106053 -308948240
-84632656 -993896500
649793091 911114020
-819574039 -827783037
790024632 -154420799
750339008 716710850
316458505 -805921506
997072512 775790221
-873998012 882493530
-807812541 -720781675
-429380420 888797205
-88645519 281391763
385348625 -463360399
-982059746 -687388093
323320387 705095977
526299871 -170231518
-839926644 703368248
-594354021 578873475
818551993 416082247
680549275 286739581
71812577 -138849397
465887488 238612432
800154253 442911235
623784721 -272380229
333605179 -384580286
77889246 -940004923
-394097795 -969094639
882843400 777485255
-450332632 932288229
720554869 498376428
819380674 -688661715
392391903 -198587638
-679865850 48123315
-999801136 194823601
-719321090 496351558
-852871064 -519176836
-786046313 31992331
617173945 289457183
649392804 625941352
-533105011 -801166015
-681768837 276875511
-357371094 -31237621
915775946 224004951
105356844 998930558
-208285362 -460755946
-306174762 -715428144
-646898077 86703200
-980251688 -364128345
216278113 -910590602
612682933 -29053856
-888907698 -596496020
-914481719 -922337567
749937702 414411849
523457500 -697320681
890038337 -703776465
-238141001 266692779
300143942 -126875031
-144405968 -581604488
111909906 -532906052
395254251 664254964
-841322227 870124884
-381732104 702643886
116195727 631927144
-861630276 -997354786
-53087733 900647199
-641775532 281971135
-614564406 205349006
87501691 -592398980
-922490790 322202388
-905244040 278037293
-158653843 472528851
190850729 -919387737
935606631 658362461
-944888739 -872014721
417453506 104979171
-906168612 -790385273
121535609 185010744
-287767870 -588439468
-946965663 -857611546
-174036380 -363732868
420609111 -545858769
-405212021 -934813732
-631053694 95276053
-925199313 -102787086
974760011 -568259508
-937310522 -206456775
207534705 315322785
-566614723 789303562
611457593 851493234
8738808 637236638
328205855 -936705580
-215088325 -981521796
325529460 -821719758
-383660271 508195822
497694813 100895604
-966686124 560565712
210140773 -981648926
336339197 468903653
-608309941 97443558
-855681130 -503315864
-498662137 407116260
313061056 75211620
-993192165 -397350446
198174826 -229857337
-96203428 -42849627
-973680666 -885101097
-895978776 818980266
-975868030 859094154
-944133925 -923274058
-518807497 -873533034
107444188 -426300833
-892191614 45302590
984397670 350601780
-338032330 725338230
-712053831 230605692
-625138813 722433258
-143794354 -892142578
869450642 -976299163
55492764 451960328
240551835 -964037878
-27520353 -885126541
676383916 -853488781
-163728220 -913179508
-510913760 652518611
-525711574 -946238235
69326124 -978992028
-667859195 -19488918
807731743 -903749508
-934693638 -760117483
-121342200 504087828
174116359 -853586570
901742195 581953064
-962403212 -885019146
333888034 74396405
337874859 508971123
643276838 914115846
239991662 358552746
149867118 -388687127
-226310737 -618039344
-215875491 820964771
165452800 -433134687
67857499 -39852286
10505640 267611004
700365988 486269687
-795152495 -544269606
534046756 -964837790
-586739455 -292134583
10
5 6
1 1
1 4
5 6
3 6
4 4
4 6
6 8
1 8
1 3
