i === 1
478541143 514732386
521540693 -493819803
-1357750379 1450613169
635213483 -1108200456
-320306684 347065041
556558835 -354426487
-663237170 560495387
205967829 -42336961
-73165463 -1331290557
-184136703 -261631994
-4216121 6614704
194479487 146627275
i === 2
-101515057 -1061547281
-131012491 1391285585
1534878559 -1017110298
-602948366 222142831
-229875379 307586100
209955082 -100568847
224849383 -340463142
-376952166 38193977
1461727591 42700257
-871901173 385392517
962707734 -1060394807
-467093921 752683185
i === 3
-130449480 116393227
-136636228 -785065353
-907721406 1797641293
9781808 -953393763
833999173 398336642
598111841 94760080
i === 4
66612265 41248673
7294495 -207990414
-222188016 160077221
-117933936 11743829
i === 5
558442401 444917639
-1614600362 -1546447133
-28476938 276956315
581216162 -403075469
-915235444 63256153
726922652 354544381
i === 6
-350383894 -354462737
1250373175 -253017317
-12011507 -13935331
-178621171 96117509
9601229 306582278
915077193 -575497063
-112791753 537067630
-552965507 470464420
i === 7
-1393042040 1156636961
575430883 -999495507
1096100685 -536468327
-142417267 -38237243
-150893890 104577877
998755493 1351385899
-1191729826 176789987
1339427708 -309583145
62986222 -100004817
-51274801 -634637960
-136197371 148353305
i === 8
-20838304 -189540867
-718374403 1581955860
-20964829 -168562895
13415873 -5205424
515809109 -187787976
-198379818 872502665
17
18
