804289384 846930887 681692778
714636916 957747794 424238336
719885387 649760493 596516650
189641422 25202363 350490028
783368691 102520060 44897764
967513927 365180541 540383427
304089173 303455737 35005212
521595369 294702568 726956430
336465783 861021531 278722863
233665124 145174068 468703136
101513930 801979803 315634023
635723059 369133070 125898168
59961394 89018457 628175012
656478043 131176230 653377374
859484422 914544920 608413785
756898538 734575199 973594325
149798316 38664371 129566414
184803527 412776092 424268981
911759957 749241874 137806863
42999171 982906997 135497282
511702306 84420926 937477085
827336328 572660337 159126506
805750847 632621730 100661314
433925858 141616125 84353896
939819583 1100546 998898815
548233368 610515435 585990365
374344044 760313751 477171088
356426809 945117277 889947179
780695789 709393585 491705404
918502652 752392755 474612400
53999933 264095061 411549677
843993369 943947740 984210013
855636227 749698587 469348095
956297540 36140796 463480571
40651435 975960379 317097468
892066602 376710098 927612903
330573318 603570493 687926653
660260757 959997302 485560281
402724287 593209442 194953866
894429690 364228445 947346620
221558441 270744730 63958032
633108118 114738098 7905772
469834482 822890676 610120710
791698928 631704568 498777857
255179498 524872354 327254587
572276966 269455307 703964684
352406220 600028625 160051529
40332872 112805733 120048830
378409504 515530020 713258271
573363369 409959709 77486716
373226341 631518150 200747797
289700724 117142619 168002246
150122847 439493452 990892922
760243556 231192380 622597489
111537765 338888229 147469842
438792351 911165194 269441501
142757035 116087765 869470125
155324915 8936988 982275857
275373744 387346492 350322228
841148366 960709860 760281937
771151433 186452552 244316438
971899229 476153276 213975408
139901475 626276122 653468859
130794396 239036030 884661238
605908236 350573794 76065819
605894429 789366144 987231012
875335929 784639530 103318777
597322405 939964444 112255764
432114614 67854539 352118607
782436841 909002905 165344819
395235129 532670689 351797370
492067918 504569918 680466997
706043325 496987744 159259471
359512184 480298491 398295500
96689773 86206726 601385645
172755591 544617506 243268140
12502955 272469787 27907670
968338083 722308543 820388465
933110198 6939508 740759356
285228805 789376349 502278612
450573623 37127829 34949300
654887344 529195747 392035569
335354341 87755423 889023312
494613811 447267606 369321802
745425662 396473731 308044879
346811306 569229321 705178737
590079445 434248627 977648523
470503466 402586709 552473417
143408283 188213259 559412925
884167638 473442063 201305625
238962601 776532037 238433453
273911900 431419380 620145551
665947469 619290072 707900974
407487132 113903882 7684931
776808934 711845895 404158661
937370164 58657200 973387982
642548900 501252997 260152960
472713774 824272814 662739669
25187191 967681096 850952927
437116467 704365085 176911341
0 0 0
