983259
985368
919631
933779
958638
990760
993206
969553
970805
879699
968253
978682
978640
897048
981699
978372
764313
723005
978640
794272
944324
985368
930170
983259
988217
903113
993239
836672
978640
992514
926700
983259
959711
978640
959206
947269
914975
959206
978372
822057
978372
978372
985368
978372
952429
952429
990148
771784
974347
827709
971639
914975
968253
985368
947269
965067
794272
847565
968253
959206
898560
990617
926700
991620
959206
795342
828094
944324
936598
863315
723979
995101
975187
986160
954517
978372
997731
950747
935637
979478
968253
736257
933503
733405
912321
937951
947269
853029
971536
985368
920520
952429
984104
968253
821994
944324
981699
968253
891370
885495
968253
790627
947269
986244
947269
885495
965260
948787
947269
723979
947269
978372
959206
975798
990617
914975
947269
996237
978640
943973
947269
970226
934922
931742
956167
966918
932414
968253
654555
978682
978372
978640
971536
997084
947269
885495
947269
824902
985368
959206
983259
932171
723979
897154
978640
997296
978372
944324
978372
968253
758822
959206
972399
904986
768857
983259
983259
947269
985368
994664
978640
897547
960986
850430
944324
989340
986751
978640
885052
952429
972399
723979
943043
956167
983259
943091
961885
955713
945551
978640
914975
941805
959206
978640
978640
941805
976203
827709
926700
954517
999824
978640
981699
844094
944324
990617
925670
981699
959206
983259
834863
988916
968253
944324
992514
975109
943091
975798
968052
983259
885687
950361
834399
864602
920007
978640
963729
997084
885495
968253
968253
967785
959613
931317
832226
968253
956167
969734
824902
994336
912425
978825
770986
985368
789821
849475
971536
932171
972423
844094
968253
821989
933779
978640
754113
819579
983259
968253
952429
959206
897154
959206
941805
946539
866644
993106
850197
959206
949423
828094
978640
824902
943091
902960
986244
944324
977488
860444
921745
723979
992403
772208
673391
865475
933779
983259
990617
971262
959206
968253
827709
948552
998112
723979
983259
970385
954517
993206
944324
944324
966498
930170
983259
968253
944324
941805
970739
978640
985368
922825
990617
972423
934922
755970
930170
986202
654555
987078
939287
990260
893469
930170
959206
948787
778600
549375
990617
978640
959206
846734
997260
678580
952429
737862
995989
956167
971262
897783
983259
917203
882198
934922
994664
876581
944324
925670
944324
931742
910988
849475
971536
930170
985368
962746
764313
698874
737862
850023
985368
914975
907254
944324
897154
878065
885495
813546
992501
931844
615042
978640
994664
909747
960100
885495
952429
944324
948534
914277
848292
936883
959206
922717
998031
914975
959206
990617
930170
962746
968253
978640
959206
843582
795395
836672
989729
811328
843381
844094
968253
919631
794272
997084
914975
956167
758418
901402
955713
959206
910198
941805
853915
956796
968253
914975
978640
878301
944324
914975
986663
865475
897154
897663
885052
952429
954708
979842
995143
909828
966157
941805
755970
821960
990176
755970
959206
944324
865752
930170
935637
914975
981508
988738
844094
943974
971639
985368
961526
878327
939572
944324
964028
959206
997084
978640
947148
959206
925670
982040
962749
983259
723979
987458
976203
822057
827881
952429
947845
936038
935637
864932
959443
915963
972966
970324
824902
933779
997084
723979
806339
913104
772208
968253
958288
990242
941748
959206
840766
956167
849475
974802
970547
898882
968885
925670
925670
988671
941916
995143
990242
959206
968605
783242
970385
914432
959206
941805
978640
976404
990617
945105
995101
970398
968253
959206
955360
990038
852768
978640
962933
941805
983259
959206
914975
999884
941805
975643
919631
898645
900123
978161
983259
966682
958483
952429
959206
905681
990617
956167
993793
777700
944324
968253
897154
878301
978640
827709
990242
836672
993106
881209
944324
934922
997084
959206
914975
992514
952437
945543
977038
983259
698874
947039
943461
978640
968253
919631
956554
930170
993793
934922
991644
919631
848292
978640
853029
920007
959206
863315
896375
987458
929680
819579
930170
985368
723979
919631
959206
998031
802700
952429
806339
953936
965347
959206
971536
788884
979253
991168
995143
917232
952429
978640
941805
959206
915748
853029
968253
994664
863185
905681
959206
884530
941805
723979
786519
992362
978640
919631
983259
959640
930170
959206
944324
978640
944324
990617
968253
901913
978640
978640
941805
978682
950635
978640
968253
952429
926700
932171
770986
739647
929680
925346
978161
998031
771677
998053
886245
914975
952429
960119
968253
931742
968253
941805
735870
934566
885052
915963
968363
723979
979428
935637
941805
961885
876581
899412
976680
934922
897154
847124
990242
881732
795395
934326
935637
959206
954078
944324
860414
944324
794431
978640
925670
936038
777829
914975
977488
921507
914975
983259
930170
988246
998031
956591
983259
836672
987117
815889
794272
843381
978640
933779
930170
744220
934922
934326
876581
968253
914975
848292
943461
987078
846734
970324
952429
735870
914975
976402
936883
999824
930170
876581
959206
949423
997084
876581
972399
914975
978640
983259
937197
914975
723979
790139
885495
883365
768342
941805
972652
959206
851322
883522
985368
983259
968253
768857
934922
878301
966813
993689
975626
968929
844094
941805
966157
879209
994551
978640
976402
994643
811328
978640
755970
970547
959206
933779
983259
939953
913876
991648
931742
873832
930170
735870
983259
944324
698874
990617
943177
975798
723979
952429
988548
952429
907254
974356
755970
944324
968253
675840
867231
944324
994551
968253
971639
689944
837176
993106
998089
876581
832226
949543
832226
968253
853645
933779
985368
971062
990617
995972
912730
959206
945784
986769
962746
943177
945551
827709
885495
931742
980850
865752
944324
934566
959206
778600
944324
985368
872547
987087
875321
960100
897783
618171
996192
932171
919631
770105
987117
959711
926700
967785
914975
970805
994551
952350
934042
970547
934326
843626
755970
941805
943177
957879
978640
998053
952429
990617
774995
876581
932620
887840
958638
983259
944324
844094
986751
986751
941805
959206
950635
899412
952429
827709
847124
945105
868144
723005
755970
983259
944324
878065
943177
978640
851322
971536
878301
994551
959206
944324
844094
996237
983259
945545
921310
983259
886497
999577
824902
931742
892648
968253
983259
983259
961902
978640
952429
873349
998031
944324
938202
978640
983259
865475
941740
968253
959206
999824
907254
740798
985368
983259
959206
923054
937930
915438
998089
978640
940479
930170
988548
991168
959495
895304
941805
983259
723005
898882
929680
943177
944324
959206
808574
785796
956167
996192
943177
926700
917232
827709
940298
930170
935637
983259
935637
944324
914975
998031
943177
983259
792843
978640
968253
890484
968253
983259
978357
723979
791340
930170
996192
774040
978640
995136
938202
968363
795342
726796
960481
991168
975798
965347
944324
985368
968253
952429
994719
974236
944324
968253
983259
970547
885495
899412
959206
935637
995972
897154
969832
909828
807385
944324
961324
961248
998031
930170
926700
983259
944324
901632
968164
897783
836522
931742
987087
959206
970547
930170
931742
985368
944324
950748
943177
997731
968253
662750
976402
968253
839194
937930
952429
914975
983259
944324
897547
885052
851480
931742
971536
949543
956167
907254
860224
849475
971262
930170
935637
955360
945105
997084
988671
968253
896784
912055
968253
944324
944324
931180
993793
959206
935637
959495
984855
919631
962099
896375
831888
952429
985368
952429
680126
914432
968253
952429
898882
779180
752069
999151
968253
978640
944324
890704
989729
811328
994551
926700
978640
972857
914975
970547
929680
983259
990617
952429
723979
985368
983259
968054
836249
943091
876581
921745
928552
943177
920385
983259
959206
850197
961248
914975
944324
996192
950332
956867
935637
978640
970547
955713
904998
972399
785578
943091
943177
791340
933779
978640
970324
990802
811328
985368
737862
960481
983259
919631
871001
983259
822057
616706
983259
941805
993206
770986
966918
934042
885495
930170
935637
758822
985368
959206
952429
968253
996192
831072
944324
879209
912152
944324
754433
997084
971536
993239
990242
888764
944324
961866
996192
978825
926700
983259
941805
802959
698874
930170
876581
753098
939287
941909
898645
872603
946302
941909
935965
959206
921745
969697
984104
937951
930170
968253
952429
954517
878301
864719
843381
933779
979684
865475
698874
988217
735870
923296
985368
941748
855958
988671
934922
994326
985368
860356
875599
933779
673391
850197
979638
864602
979478
983259
944324
898311
914975
967224
987416
981127
883113
876581
985368
998031
995989
996192
989729
999824
968253
987494
970750
985368
845056
994664
959206
959613
933779
930170
978640
902987
959206
972399
955713
926948
883742
998089
978640
864602
999577
968253
911555
744220
933779
969619
996192
755970
959206
786374
863383
878301
931742
983259
952429
959206
959206
968253
978640
791340
897154
910785
943177
824902
854559
959206
925670
958288
791340
980322
963729
979842
934922
944324
808623
897154
850197
827709
941805
978309
968253
944324
998031
919631
941805
979388
983259
923563
817830
758822
967911
878301
847565
994664
941909
935637
860356
930170
994664
966157
855958
870173
961248
959206
802959
996192
923136
898882
930170
996192
952429
944044
998112
717213
962746
958362
981127
958362
994551
958362
968253
971095
971536
802959
926700
791340
994551
958362
941805
958362
958362
968253
934445
870699
944324
873074
958288
983259
943177
971536
576805
824835
958362
877743
931742
964182
971536
811143
971536
958362
958362
958362
933040
984104
993106
978640
958362
823223
990209
958362
958362
958362
958362
899412
958362
929680
928590
885495
968253
920007
837223
987117
811338
978640
958362
968164
958362
968253
983259
944324
963729
755970
958362
968253
819579
997248
985368
894399
952429
915963
978640
958362
983259
873407
960481
998031
958362
958362
990617
964044
994664
883742
958362
894117
933779
958362
920007
816614
958362
978640
893469
985368
787422
978640
988671
959206
827709
990617
985368
981699
921745
828094
958362
959206
968253
930170
990617
958362
920007
944324
952429
958362
994551
978640
996192
968253
759833
941793
966157
958362
958362
983259
988627
755970
723005
996192
958362
994551
925670
958362
990746
941805
772208
956167
969553
958362
987458
998089
958362
980035
990617
983259
994551
849947
958362
958362
958362
986751
958362
958362
864932
958362
876581
930170
958362
959206
968791
887535
968791
925670
952429
934922
970547
958362
958362
982040
876581
961866
968253
968885
900123
991820
951125
920007
958362
968253
988916
959206
992273
971262
955429
829966
877702
978640
966813
958362
996192
940298
993670
962710
958362
985368
998112
904998
958362
928434
958362
778868
984104
944324
892774
944324
931742
944324
964644
945105
827709
770986
832226
897154
994551
958362
744220
933779
841697
779821
958362
958362
961866
978640
968363
958362
958362
958362
934922
958362
958362
739105
968253
968253
978640
983259
937165
968253
735870
990176
959206
996192
968700
958362
958362
926553
944324
862044
980009
971536
736735
808574
983259
958362
978640
958362
959206
974236
931742
996237
827709
958362
964028
970547
944324
985368
810246
981699
845683
925670
968253
723979
930170
978640
958362
958362
958362
996237
958362
950361
968253
996208
968253
936883
998053
958362
985181
970547
897154
926700
698874
958362
919631
999824
958362
961866
959206
978640
955647
958362
822057
838894
978640
994551
930170
941805
822057
917232
958362
876581
978640
968253
958362
958362
958362
958362
959206
990617
958362
958362
958362
985368
945524
897547
739105
978640
897154
921745
958362
995136
960119
985368
981699
990242
958362
958362
986751
978640
915438
958362
934666
961551
990617
996192
934922
958362
723979
961866
954589
958362
959206
998089
979253
996192
958362
983259
944324
958362
983259
966157
968253
959206
948238
930170
959381
921310
755970
998112
959495
958362
978640
723005
958362
958846
959206
986441
983259
975643
883365
886641
958362
984140
968253
958362
958362
996192
958362
877548
983259
914975
914975
959206
978640
981517
978640
958362
827047
878301
952429
925670
822057
972399
958362
914182
981699
885495
831888
790067
959206
959206
978640
950207
958362
959613
983259
966033
961866
990209
925670
958362
899412
994664
922825
958362
697663
988653
976203
983259
958362
968253
897154
981706
877147
959206
958362
985368
860241
959206
947127
836657
992019
955790
952429
962746
958362
876581
934922
941805
970385
958362
993106
875109
958362
997084
958362
922597
983259
777700
914277
998031
952429
958362
978271
959206
958362
925556
985368
958362
988671
958362
932440
979253
958362
990802
983259
968253
877548
968885
919631
994664
958362
980009
983469
988671
944044
960100
943177
955790
972701
958362
958362
990617
981699
983259
895304
959206
968253
955647
958362
959074
876581
996192
984140
984728
958362
787481
997383
943177
962746
755970
959495
966157
926700
897547
771677
958362
831592
795342
958362
914975
958362
941230
983259
958362
958362
968253
970547
958362
958362
954122
897154
723979
946539
984140
723979
981699
958362
941805
958362
847565
952429
968253
959206
930170
983172
933779
984140
955381
737862
958362
938010
941805
961175
980598
959206
876581
958362
958362
948534
937930
998112
983259
972701
698874
921745
923543
958362
827709
878065
985368
972701
823067
987972
944324
958362
960481
925670
878301
958362
968164
964644
966157
983259
914975
981699
919631
962746
958362
789877
998042
982417
958362
958362
844988
772208
958362
755970
998089
958362
974356
986324
791340
970805
929680
958362
944324
958362
968253
994551
907254
983259
960481
968253
968253
878301
943177
985368
970227
952429
883742
958362
958362
939953
983259
968253
914975
958362
899412
996192
958362
958362
981127
995143
956591
968253
958362
884530
991820
958362
923054
885495
955713
958362
974347
969832
958362
996177
959206
941805
968253
958362
994336
962933
878301
958362
983259
958362
958362
922117
952429
805995
906426
944324
968253
958362
958362
958362
959206
958362
969910
878301
833280
944324
944324
925670
958668
971262
958362
959206
958362
933779
958362
978309
934922
878065
941805
958362
998112
980009
930170
952429
930170
944324
983259
986441
985368
958362
952429
890484
991620
958362
966157
828092
827053
968363
993106
958362
723979
975318
958362
822057
934922
960450
835890
723979
974236
988671
958362
996192
958362
983259
960450
968253
981699
958362
958362
987117
943177
954517
968253
923563
947929
971536
955713
960450
973342
958362
925670
981706
934922
952429
960450
956165
980009
960450
988548
972993
915028
958362
958362
991931
981878
700186
917970
914182
972399
970226
836657
958362
985368
985368
910785
959495
993106
978755
983259
723979
988894
768203
664342
907933
634877
983259
723979
917252
960450
958362
990242
968253
952429
976203
958362
775134
957879
988894
958362
958362
876581
960450
937779
981913
958362
791340
983259
857536
959206
923257
958362
960450
960450
978825
981699
904044
959206
958362
944324
959206
998031
838894
998042
768857
958362
968164
985368
915963
958362
959206
958362
960450
960119
996237
983259
958362
952429
958362
960450
958362
958362
994551
958362
958362
988738
958362
910858
983259
984728
959206
958288
958362
958362
960450
944324
971536
958362
960450
994551
887840
913876
878089
974236
995989
831888
958362
986307
948117
907933
943177
970385
791340
752069
983423
822312
958362
802959
952429
958362
958362
723979
958362
717213
960450
909828
883113
968253
958362
958362
956867
952429
958362
979478
958362
958362
913876
968253
958362
971867
934922
958362
944324
978755
813546
944324
958362
886641
993106
995071
975643
960450
987087
983259
983259
827047
821139
958362
978755
988671
960450
958362
990242
968253
941039
958362
958362
983259
943177
960450
949423
958362
952429
958362
808623
970385
723979
908899
969832
973716
959613
960450
958362
941805
960450
958362
990802
958362
935714
978161
885495
709095
994326
918366
983259
952429
947929
892364
960450
990618
922083
996192
994551
996192
958362
968253
949423
960450
944324
990209
952429
877548
958362
958362
987087
899412
964307
958362
994551
931704
962933
919631
983259
958362
968253
897154
943177
959761
960450
852898
972857
958362
883365
960450
968700
958362
943177
922564
897154
983259
971639
879926
960450
919631
779821
999382
958362
944324
988916
968253
827053
934922
808574
993206
863315
958362
765400
806339
968253
939572
944324
713728
983259
959206
616706
958362
831592
958362
998031
878301
998042
958288
988916
942187
983259
958362
968929
958362
960450
958362
966157
958362
998112
995989
908899
944511
968253
970324
958362
995972
994551
961885
959206
994551
944324
975798
988217
952429
878301
914107
958638
944324
958362
983259
827709
958362
885495
958362
958362
836248
958362
791340
961272
967785
960450
960100
958362
959206
968253
960450
959206
990209
981699
989729
979842
905692
991115
959206
966157
892332
958362
958362
697663
758822
952429
958362
796334
988738
966157
968885
995344
970385
962746
996192
925670
958362
959206
987117
960450
762810
960450
791340
959206
959206
975668
958362
988916
980850
970805
960450
958362
968253
859420
952429
931107
844094
958362
979478
971536
910006
994664
968253
987416
958362
935637
878301
891551
934922
960450
968164
988193
785796
958362
827709
765400
961866
983259
968253
966157
979388
976502
878301
986769
857569
958362
814502
791340
968253
751030
959206
958362
994664
958362
960450
908899
968253
974236
960450
972701
990707
968253
930170
925670
791340
960450
985368
959206
787286
976239
960450
958362
959206
749742
960450
978161
959206
974980
983259
941805
959613
974980
958362
840225
960450
958362
950635
828094
919631
835890
960450
958362
963326
958362
961272
723979
934922
994664
851322
993106
966918
958362
972399
983259
960450
983259
930170
952429
938573
959206
791340
958362
959692
958362
968253
943177
983259
958362
994551
982807
996192
986751
935965
959206
897154
958362
985368
968253
983259
839554
794560
885052
960450
973716
920007
993239
980322
959206
518337
996729
958288
968253
737891
958362
603068
958362
989141
958362
952429
930170
959206
983259
990707
942188
972857
919631
926553
982807
960450
960450
958362
914975
952429
968253
827709
961272
958362
982807
943621
898882
992946
899412
941110
740798
845683
988246
958362
946846
978755
958362
897154
966157
961272
894117
968253
960450
968253
791340
958362
983787
986895
994551
990242
952429
988894
943177
961272
958362
989729
983259
958362
922597
958362
983259
959206
782949
958362
841697
959206
958362
992501
990038
958362
958362
943177
958362
994551
960450
837430
988217
960450
958362
935952
958638
976239
950635
981127
958638
960450
827881
885052
945897
960450
978161
879536
902987
952429
792373
930170
952429
871758
930170
986244
828235
952350
961067
952429
958362
808574
978755
960450
958362
856283
926700
934042
958362
960450
958362
919631
936883
990760
827053
983259
967619
945285
975643
958362
983259
958362
897154
958362
958362
958362
958362
991523
960450
977207
990618
959206
958362
958362
971262
959206
959206
959206
958362
990242
941805
914924
738407
983259
958362
960450
958623
908899
990622
958362
869801
884794
958362
960450
958362
859708
958362
900123
958362
958362
958362
930170
868144
959692
983259
954517
958362
958362
988671
934922
967761
954589
914975
983469
979363
968253
958362
941805
971536
958362
983259
960450
962746
935446
960450
878767
989729
988916
899511
968363
985368
866676
983259
960450
985368
898560
960450
971062
959206
960450
952429
960450
959206
993206
983259
958362
910858
990707
832226
945285
958362
755970
960450
985368
934922
958288
906426
971536
991115
958362
958362
958362
988217
998031
958362
968253
958362
985368
836657
958362
960450
968253
933823
979478
827709
959613
960450
958362
958362
968253
994551
958362
998112
960450
958362
654472
971536
958362
983259
983259
990176
968253
960450
981699
886641
868704
973716
988916
988627
959206
983259
958362
897154
917936
988916
992273
808623
994551
968253
958362
930170
978161
940298
958362
958362
958362
958362
960450
884127
953216
698820
504054
968253
917936
958362
987338
923054
960450
602098
996192
940544
958362
988627
958362
958362
723005
985368
952036
958362
958362
983259
986751
958362
961248
959206
960450
960450
968253
958362
929456
958362
996192
958362
958362
837430
983842
958288
978968
902232
974980
998031
964182
959206
958362
959613
978161
968253
942187
958362
958362
958362
827370
893469
791340
966918
952429
983259
960450
985302
914975
952429
784659
960450
943177
958362
904120
857881
935637
969832
964028
987087
977110
958362
958362
961272
998031
943177
958362
986662
968253
839802
968253
988671
958362
960450
958362
970324
959206
958362
983259
984832
711774
964644
958362
960450
959206
945285
958362
960450
968253
958362
755970
791340
977840
983469
968253
937930
983259
983259
958362
973716
959206
958362
960450
985368
959206
979684
977898
988671
958362
958362
887290
959206
958362
985368
958362
962746
972701
958362
985368
994551
976502
747161
958362
988548
960450
978271
960450
959206
960450
972701
975643
978755
956448
904998
968253
960450
958362
958362
988548
976402
992901
815194
968253
960119
960450
998089
837430
958362
959206
910006
983259
958362
952429
987494
968885
983259
996583
993106
960450
959206
985368
929680
958362
958362
952429
989729
965347
958362
976203
998031
995136
890983
972399
833280
983259
958362
958362
959206
958288
960450
954122
768139
945285
958362
992501
958362
958362
960450
851904
950635
968253
985368
885495
984832
890983
958362
981127
885386
971536
958362
934922
917415
911125
958362
962746
959206
979684
870699
959206
958362
958362
968253
723005
958362
958362
991648
968555
960450
940298
884127
980991
958362
983259
959206
727391
943177
958362
918366
958362
913292
698874
943177
959206
958362
971536
960450
988548
968253
958362
823197
999824
968253
752724
897154
916998
977038
958362
958362
852898
958362
941805
958362
983594
968253
960450
983259
990209
942071
943461
993206
952437
966280
791340
958362
824934
959206
945285
978256
958362
970398
958362
958362
979842
981699
945285
987416
930170
968253
902232
943177
985368
958362
943177
930170
855931
970227
755970
971769
836784
986662
958362
950635
923296
941805
954517
774087
785796
963326
968253
968253
988217
993239
958362
968253
849287
971536
958362
862044
983259
983259
958362
968253
837430
822312
958362
992514
992362
966033
956167
914432
958362
996695
958362
983259
791340
958362
997731
919631
989729
941255
950635
997889
968253
958362
994551
958362
934922
881158
958362
958362
960450
958362
791340
996192
985368
958362
832226
960450
969432
958362
983259
930170
971769
891225
958362
988916
958362
958362
995966
958362
956591
970385
972399
504054
944511
958362
983259
987625
983259
958362
958362
958362
975727
958362
959206
960450
844094
959206
960119
840275
958362
952036
836784
918366
959155
968253
984832
998951
983259
979162
984140
994551
920401
971536
784659
815495
963326
966239
960450
985368
907254
870173
959155
925670
961272
754433
905701
912782
949178
960450
958362
963326
844094
970324
995920
943177
983259
968253
960450
958362
959206
941793
958362
960450
977337
959206
897154
960450
952429
888764
958362
837430
915963
920007
968253
958362
966157
959206
945285
958362
999174
723979
958362
958362
926553
960450
987078
960450
933777
960450
958362
723979
961272
958362
983013
952429
914654
958362
885052
954589
975873
931583
985190
998031
917936
983259
960450
958362
914975
958362
966157
859708
958362
898882
958362
960450
791340
960450
978755
961272
959206
959206
960450
980354
959206
984809
968253
873713
987117
958362
968253
960450
959206
984140
956167
993206
954517
996192
986324
943177
958362
987338
975626
914654
920007
958362
975626
971536
968253
744220
960450
958362
960450
992362
925670
983259
960481
983423
952675
959206
827709
952429
983259
975187
996192
960450
958362
959206
958362
914975
837430
960450
883113
960450
958362
958362
983259
945784
983259
823197
981127
983259
988671
958362
932414
747510
968253
959206
958362
959206
958362
958362
983259
837430
985368
929680
958362
959074
958362
978047
983259
819514
986324
959613
958362
958362
958362
845485
907933
983259
968253
952429
987338
920007
958362
446054
960450
873713
931824
978755
885052
958362
962009
952429
985368
917936
952429
972701
723979
934922
873713
981699
925670
808041
923829
901108
848292
930170
828094
959206
782206
960450
958362
958362
968253
993206
958362
960450
920007
865657
959206
991523
943091
985368
985368
942188
958362
933779
983259
791340
994551
960450
986751
984545
994551
958362
958362
875278
958362
968253
783344
873713
958362
958362
998112
832226
883661
958362
967761
983259
998112
942071
723979
917970
862044
933497
733615
946846
964028
990209
958362
959206
960450
873713
960450
878065
985368
913706
827709
994551
961866
873713
958362
968363
807915
958362
791340
972701
906460
924037
958362
959206
823458
959206
960450
958362
852768
926700
998042
966397
959206
958362
960450
968253
885052
752965
958362
968253
941805
988627
941805
961885
913292
960450
968253
959206
958362
958362
661813
995972
961272
958362
988916
962746
998112
844094
925670
968253
959613
987117
941916
937165
961866
958362
960450
957375
995756
916963
988101
955102
930932
981699
864551
960450
952429
926700
992901
978755
958362
978825
959206
960450
968253
981127
873713
960450
952429
959206
723979
998053
941805
864551
979347
998527
985368
791608
873713
958362
958362
873713
960450
994551
961866
950635
958362
895958
914432
924037
943177
907254
958623
958362
968253
821425
959506
985368
920007
996192
980747
873713
807657
958362
920007
961248
923296
939866
958362
985368
971062
887290
991820
882979
959206
925670
885495
958362
927319
959206
920007
958362
958362
958362
960450
961866
959613
968253
986751
949178
943177
983259
873713
972399
962746
950635
723979
914432
961175
864551
985368
952429
960450
958362
897588
960450
968253
985368
959206
983259
983259
988259
959206
958362
786519
983259
958362
891225
791340
941805
899412
959206
864551
958362
958362
958362
960450
904998
958362
864551
870699
958362
958362
801082
958362
984809
978755
981699
862044
985368
968253
992501
934922
986751
967705
958362
897154
998089
959206
968253
960450
958362
962933
960450
931180
958362
961272
959495
904822
914975
864551
958362
907254
864551
864551
897976
960450
968253
945285
983259
958362
988548
985368
968253
971536
889581
968253
983259
864551
836657
829944
958362
960450
941740
961324
968253
891551
992901
995863
897547
958362
958362
934922
958362
958362
983787
958362
958362
960450
954821
965295
744220
941805
987087
985368
958362
985368
959206
959206
933040
968253
753098
960450
945285
958362
958362
864551
974347
960450
968253
959206
777700
987117
930170
992747
983259
991931
959206
961866
873713
958362
903153
983259
970324
981517
855931
791340
945285
958362
994551
962746
960450
983259
958362
958362
958362
958362
992901
930170
959206
879699
958362
961272
994551
981699
985368
988916
960450
941255
961866
827047
958362
972857
868733
947264
922914
952429
990622
960450
992403
943177
966157
723979
960450
960450
864551
934922
794272
958362
958362
723979
960450
960450
991931
966157
914277
958362
941805
962746
885495
968555
960450
973327
981699
960450
978825
873713
958362
960450
744220
873713
958362
958362
958362
942188
864551
983259
992747
935637
958362
934922
958362
907254
958362
598923
968253
941805
914975
959206
970957
983259
922083
968253
968253
959206
864551
996192
985368
959206
958362
959206
962746
990242
963316
984809
934922
930170
968253
853920
960450
958362
958362
952429
913292
994551
867088
978825
983259
985368
994551
960450
736121
981699
960450
941805
983259
881989
863315
988627
958362
981699
996192
943177
960450
986751
723979
952429
983259
885052
623446
977038
979842
959206
971536
980009
959206
960450
971062
983259
983259
999382
801453
958362
958362
915963
744220
959206
848292
959206
961866
873713
724620
993206
958362
958362
988233
958362
983259
992514
977110
958362
958362
984140
784659
958362
958362
962232
837430
984088
959206
878065
930170
959640
680126
997549
864551
941805
960450
960450
960450
968164
959206
958362
988627
968253
920007
818423
958362
985368
960450
959206
958362
994551
958362
959206
994655
958362
959206
983259
873713
919631
967761
996192
989729
959206
811647
945897
923829
983259
960450
960450
923829
958362
929680
958362
864551
958362
910006
864551
935184
993206
958362
936883
941805
962933
992019
827709
936097
958362
958362
999824
968253
968253
987625
950635
978831
890534
960450
828094
864551
952036
964040
862044
958362
930170
966157
958362
952429
885052
958362
983259
960450
958362
958362
983259
894117
941740
960450
930170
958362
958362
873713
958362
958362
864551
960450
966478
915758
968253
873713
864551
958362
958362
868365
829944
968253
960450
862044
968253
925670
970324
960450
958362
940298
958362
938573
985302
959206
968253
960450
960450
958362
877702
958362
959206
958362
952429
845745
996192
985368
832103
958362
959206
960450
952429
979684
958362
945285
962518
799104
958362
915758
885495
960450
997549
996192
920007
836657
958362
958362
983259
988217
960450
864551
864551
988916
933158
969832
988217
960450
958362
958362
966157
921310
920007
962746
898034
958362
958362
857747
958362
941740
996873
992019
958362
937930
998031
960450
958362
992501
960450
958362
952429
968253
959206
960450
979842
958362
959206
958362
975727
958638
915758
985368
952429
873713
972399
991931
873713
997549
970547
968253
971536
958362
955723
997549
944511
885495
816523
983259
914654
960450
968253
744220
958362
998042
913292
985368
968253
984993
960450
958362
958362
958362
791340
921310
837430
960450
968253
960450
958362
968253
996192
941805
949039
943091
992501
958362
958362
864551
961272
883822
959206
864551
915758
864551
983259
994288
993239
995875
723979
945285
970547
965067
958362
962009
969832
958362
958362
983546
955723
989729
994551
958362
960450
968253
958362
878065
958362
943177
958362
968253
958362
968253
958362
994551
958362
956448
994551
998031
827709
945285
983259
937779
983259
864779
958362
804598
983259
873713
885052
978882
939866
950223
864551
958362
960450
885495
960450
996192
958362
983259
960450
881635
952429
979684
941380
902575
958362
958362
958362
964727
941805
960450
968253
993206
960119
958362
959206
958362
911125
851480
885495
919575
958362
945285
960450
985368
852898
958362
857747
827053
998112
993206
970547
900795
806778
958362
959206
959206
958362
995756
867169
959206
960450
864551
959206
968363
791340
958362
968253
959206
970385
952429
978968
910785
958362
985368
958362
958362
972399
958362
958362
947820
992501
960450
873713
941805
960450
941805
959206
879533
914975
958362
864551
864551
959206
992901
958362
971536
959206
914432
968253
958362
709095
914277
996192
791340
996192
969832
960450
952429
960450
958362
966157
939287
996192
985368
864551
970324
983546
958362
982417
945285
933779
958362
674089
837430
960450
958362
958362
978256
991459
992019
983259
983259
968253
959206
947039
934326
976502
694649
960450
968700
941805
985368
983259
959206
991523
930170
985368
978865
925350
996192
986751
960450
976203
958362
976402
941805
968253
977207
914975
994551
837430
965453
914432
994326
958362
959206
834399
885052
960450
988548
959506
993206
959206
952429
919631
877147
958362
963326
957989
958362
935965
864551
958362
958362
990746
941805
989729
960450
958362
961846
958362
983259
959155
984462
870342
939537
958362
983259
934922
989729
983259
961272
994551
960450
968253
960450
985368
983259
970547
904822
981127
958362
914975
885495
992273
967785
964980
985368
968253
958362
958362
958362
958362
873713
983259
997549
960450
958362
983259
960450
968253
960450
958362
999174
958362
885052
959613
930170
968253
980009
961866
943177
994551
941805
997296
962746
954589
958362
958362
998042
891225
958362
995143
958362
919631
958362
805995
949220
958362
960817
960450
958362
955713
958362
837430
960450
994551
959613
983259
952429
864551
947039
935446
960450
958362
958362
958362
813476
935637
934922
989729
983259
960450
931180
960450
958362
960119
960450
960450
959206
958362
958362
923829
991820
864551
873713
958362
821425
959206
958362
864551
837430
873713
855931
976997
914819
864551
958362
968253
958362
960450
960450
958362
983259
941805
958362
968253
827047
808574
994551
958362
959443
917415
791340
997731
968253
958623
885052
958362
958362
736121
990617
968253
860356
859420
998089
998112
959613
872568
992901
864551
868704
958362
983259
960119
974236
959206
987972
855931
960450
971536
968253
822345
985368
994551
941805
994551
968363
997549
914975
958362
958362
987078
993671
979684
958362
960986
971639
961866
960450
941805
978161
983259
827053
886641
917936
960450
958362
998031
959206
864551
985368
959206
979684
968253
996192
952429
873713
958362
958362
963326
914182
897547
958362
998042
832226
958362
941805
960450
958362
958362
958362
968253
958362
913292
964307
723005
959206
970957
952429
960450
997549
922166
952429
864551
747016
576805
960450
992501
959206
968253
971062
958362
958362
988916
836148
959206
735870
958362
984140
916133
511615
965345
895269
983259
960450
968253
958362
994551
934922
960450
983259
749609
997731
958362
999824
914654
958362
960450
958362
963326
864551
959206
958362
963326
968253
791340
968253
987117
899412
905692
960450
963132
930170
998042
775265
954589
960450
953053
965021
941805
958362
832226
959206
826898
873713
958362
778266
899776
962746
981517
711239
964727
958362
996192
930170
969832
983259
961526
968253
968253
974884
898910
966157
983259
930170
968253
977110
958362
992901
926553
958362
920007
963731
960450
968253
960450
983259
950361
958362
837430
955723
960450
978865
837430
958362
873713
985368
958362
959206
968253
985190
988671
943177
958362
873713
958362
958362
864551
998089
991459
958362
990242
952429
988101
970385
959206
960450
960450
968253
925670
958362
923829
988916
958362
998112
997549
772208
968052
958362
976402
952429
698874
855931
879699
985368
976203
968253
960450
968253
884103
958362
958362
873713
968253
959206
958362
930170
907254
960450
970227
958362
864551
941805
975798
960450
958362
958362
873713
930170
960450
945285
961526
945285
983259
889581
864551
966397
958362
960450
983259
976402
960450
958362
992901
960306
821425
985368
930170
952429
998031
935637
959206
983259
959206
958362
794560
959206
955723
971511
958362
958362
983259
955713
943091
994551
983259
990802
994551
938573
864551
958362
968253
969832
958362
958362
958362
968253
959613
926700
959206
942071
974884
968253
958362
959206
969233
971536
968253
958362
958288
960450
958362
958362
936883
864551
958362
958362
923829
958362
922083
968253
968253
890983
811647
958362
968363
960450
867834
931107
941805
958362
958362
997549
723979
983259
943177
961866
952429
958362
790982
958362
928081
959206
684859
943091
884146
873713
884146
895679
873713
889581
968253
959206
944272
994551
880384
958362
963326
962746
876156
868704
958362
891225
980747
888681
997549
985368
958362
958362
958362
958362
996192
997549
864551
958362
960450
822345
958362
926700
960450
923829
960450
959206
864551
