4481
8357
3369
5631
7898
1220
3289
3583
5615
6868
2406
2458
7145
2347
5748
890
2926
4856
3272
7972
9135
6505
3157
8607
6917
5749
6496
4816
8833
601
7419
6617
9912
9499
9454
9235
8591
4145
2837
1678
1917
9473
1467
5357
8899
3362
8497
8116
4791
1787
9949
8294
3512
5171
3558
707
7220
3992
4257
826
145
4462
4520
5042
2406
8395
7956
4491
8769
4869
752
3262
2022
1008
9136
8962
5503
2896
5235
7474
443
3134
3728
1817
9703
8969
909
6651
6235
8640
7713
3203
3055
4608
7939
9567
2116
4390
9221
1709
6421
8543
8360
590
2185
3476
4533
3683
6262
5814
1769
7434
4992
1700
6707
3313
6992
800
6601
8406
7410
9116
6841
6788
2613
2900
1738
4492
4706
1141
5591
5141
5171
6173
3065
2908
2515
2844
7082
1281
3700
7693
1665
8418
1173
3305
8451
8945
7372
3556
7357
2837
707
315
1188
8125
1225
1414
2590
6752
5320
8168
1005
4739
7924
6350
6572
3715
4318
7306
8600
4388
6037
6287
7914
3744
3365
8864
9188
6964
469
3401
2869
1581
565
468
7031
7114
359
3684
6243
8889
9592
3166
7667
6187
6276
9900
8188
7717
2417
3835
3436
3428
7625
6344
6999
6262
9204
346
9133
4838
4999
2230
7415
5149
5805
9370
8807
3925
2592
3909
4942
6097
638
2438
8728
6548
2401
9679
8297
2634
4468
8049
8013
4150
2923
4584
9346
4508
4735
8951
5132
5244
7490
7023
7049
3495
9720
36
1640
890
5858
9671
2811
6760
9101
7546
8087
8240
7164
6314
1595
7576
442
103
1448
1667
824
5078
6569
5463
9399
601
3648
8671
5288
6384
103
3231
7496
7245
5027
8340
7958
5635
6990
4230
4456
5350
5094
3365
9447
9818
5401
4129
709
3485
2373
6012
6720
8587
8190
7883
584
7170
3063
1698
3953
3212
4977
7407
4257
9593
9449
2022
1425
2277
456
187
3248
1006
7729
271
5471
688
7070
9340
2751
6146
1436
6316
5179
5875
1715
2144
4119
2139
2790
7473
2374
9595
2104
3130
9790
5047
6656
2313
1755
7913
466
6950
3406
402
490
8730
8945
9504
3022
4666
7480
3965
8602
6523
1220
310
2469
1628
2003
3613
689
6761
8655
9842
8093
2361
9174
2773
9114
6970
5366
3670
7746
8397
5682
4728
4640
7386
9794
2424
1298
1572
4202
8975
3575
2207
6461
7164
7709
329
901
4652
2352
2553
9677
875
9131
2567
5223
4362
1831
3142
8181
8977
7466
2979
5052
3944
3849
5271
1039
9900
7094
7057
8453
4708
7068
8683
4671
2879
5226
4344
5980
8259
6344
7590
6649
8471
9247
3781
3308
7509
5184
4634
462
751
6933
3321
8077
4859
1543
2143
1990
8378
9223
506
3991
2606
1468
3677
8622
1153
6746
7203
3333
7713
8324
2481
284
767
7586
377
7226
6865
3738
7599
1794
608
4352
1719
7829
5706
2807
9989
7467
9689
5649
2077
2292
9442
2739
3715
7282
7666
7569
2324
2021
1453
4896
8118
8469
8751
2486
1085
8571
8836
632
7404
5023
285
978
2140
9523
4731
1440
2496
5862
7902
2873
9751
8531
1126
1212
3361
9504
2752
5349
4998
3837
3170
861
9781
4170
5765
2654
4556
4095
4264
5030
8636
6047
22
4571
5261
194
8378
7874
3149
1314
7754
6826
8266
6145
6089
5865
6024
7502
5244
8155
2299
3226
4950
4695
6465
4644
9729
8709
292
3787
8584
2571
9676
6157
2030
4849
7262
854
9527
6971
435
4879
2622
2204
5396
3949
3290
4317
7131
3927
7666
6573
1706
5751
6514
6742
8205
5939
2249
170
2681
1986
7903
9013
6260
3646
7028
6864
1876
2839
3587
867
9486
6246
7590
4473
491
1898
7046
6829
9535
8606
7277
1165
3871
8931
7284
3199
1785
3944
5729
435
2444
7446
2033
5754
1987
784
3770
2841
7372
4302
5235
4630
8597
1506
7891
6957
1015
7510
8004
1245
2070
9260
684
1559
5164
6363
4818
2126
3787
2527
7902
2594
6324
2772
630
7246
9759
4828
7176
7546
3374
8521
4227
4941
8106
8940
5378
6678
6267
2501
5902
1346
8350
1582
767
306
6748
4312
3252
8282
5702
3690
107
9237
1405
2782
953
7274
9839
2980
4241
6341
1032
7550
5192
4018
1521
2618
135
6681
9569
4237
6278
3881
5529
6566
8065
8324
4740
4094
8776
4938
7783
1897
4549
6756
7432
3493
9764
2920
6173
3884
6186
7561
5961
5108
6784
5821
2027
1467
1147
227
9945
4063
9236
7747
1802
6964
6111
3540
444
9857
3044
3245
9698
3647
8973
638
4852
7929
2068
4671
1434
5639
8593
9254
7427
9671
5054
4531
1682
7412
6561
3438
7232
975
1105
6713
9342
7989
467
4262
2599
9375
9771
1381
490
924
3006
9016
9683
4629
3360
8030
1829
2569
2422
5850
9108
7544
2608
4299
8761
7194
4642
8513
7627
4228
4216
1029
2734
9526
737
9232
6444
3261
7638
4298
425
6085
4418
7896
897
6418
4034
5152
3489
3210
1354
6779
6259
9292
2542
5427
5006
7346
5288
2056
4888
5023
2673
2149
858
6348
6915
3143
3975
3050
2034
3994
3239
4438
664
1319
692
6950
926
4973
9605
8154
9729
2916
2885
6371
9531
6087
9179
6674
3591
9511
2659
9366
7473
8803
7405
4029
9535
496
8936
1788
2086
4505
4697
3545
6239
9511
5017
6355
2758
3616
7081
6502
8864
6256
1762
4029
5276
5194
6612
5489
1530
3055
727
7860
2170
4954
1201
9668
6366
6431
5588
7447
104
5337
5556
6175
6223
9459
3847
2599
9205
2074
589
3358
359
1705
2336
2083
6162
3458
959
1249
7501
9526
528
6499
396
624
5623
6993
4602
9353
4226
9311
3999
9331
7219
887
1683
2474
9909
2622
2331
337
9193
4425
3021
8724
1799
9084
2147
8071
4067
3941
9472
4775
349
3002
9611
521
1218
7356
2136
3550
5294
1795
5664
5536
5367
7521
1205
4064
4425
5862
6728
7869
4748
9585
6023
5225
1072
1175
4962
936
6334
2097
1885
4365
105
283
3046
6893
9073
6876
2876
2485
284
9668
6959
8421
6057
5222
8477
6464
6344
7718
5559
4025
9187
5402
6494
1719
8597
528
8267
937
6183
8786
9654
2091
8469
7015
9350
1644
105
93
6206
2582
9017
9096
7625
9457
9256
515
3535
1177
5137
7624
1196
2990
4811
8737
9464
2489
2477
1775
8926
6596
1654
1583
3940
1871
3672
4977
7491
6307
7571
2616
2642
9430
3746
5675
3621
8805
7678
1804
3168
5771
6388
1138
3785
2307
4344
8100
213
3395
8674
5033
1262
3392
2712
362
8266
2507
5698
1010
7222
9702
2022
7294
5627
4835
6877
9978
290
7082
8541
4210
2003
4256
8387
6610
3030
2848
5005
8963
1643
1582
7240
3103
2269
19
8761
3450
1675
5396
7303
1521
7454
4086
7971
8959
6278
4853
7117
8607
1449
6089
3782
3249
1641
4773
8841
4918
2439
9279
9353
7036
3307
8956
538
1017
9624
5039
1274
8892
675
6153
2398
4231
4248
7525
9651
3438
744
3746
7782
2278
5158
2257
1247
5303
2022
2563
5494
2169
2985
62
2179
3808
3612
211
7631
1149
2898
4025
6264
4909
3533
3451
7118
9425
3917
740
7238
6077
9530
8126
5887
603
8552
4882
5910
9765
6172
1378
2938
270
6949
807
8114
6043
4946
7193
6795
3046
3435
1926
1449
1114
2756
9649
8251
1524
235
1478
7270
653
3097
7434
7429
8280
5769
7889
3211
6108
7423
2611
5677
9650
9926
5998
5660
9829
7952
2141
7552
2042
4289
4283
2835
8421
6995
456
8265
7305
4133
9461
3372
7251
6586
937
3332
1737
219
8369
6681
4676
9016
8212
4545
5100
5339
951
1276
8854
5323
6853
4610
9125
2539
8918
6069
1115
1447
2033
4388
3498
5943
8352
6567
8240
2461
8763
929
9068
5050
4868
8211
8673
2698
5522
9432
5521
431
1118
7789
7845
3517
2099
6376
7473
6343
9161
4685
3992
6951
7164
2539
6548
4428
8345
3325
3611
7282
6489
5367
5285
7
614
2916
8995
6605
1550
1614
6200
1027
8421
4021
6393
7963
3534
8783
3151
1778
8020
7040
2817
9372
5762
5229
1752
2148
3656
9290
5725
4051
2520
8270
9276
9395
7885
2961
5139
4843
9819
9076
2266
1968
136
7127
2584
3089
4620
471
3511
456
3805
8218
6697
8913
5923
5406
8953
9162
5005
8553
4720
6944
9233
6969
5060
9168
3708
4934
1979
278
182
9331
6017
5876
1722
9800
7813
2669
4300
2732
8559
3789
489
6755
9980
1543
6863
9517
9489
926
1610
4315
3674
1454
5141
4455
8160
318
3252
4482
6690
1836
7447
3245
7539
7666
8267
6914
2158
1473
4353
5127
4269
4184
5661
2455
5781
6013
1542
323
3971
8277
9908
3298
4894
5510
2482
1974
1318
819
5284
7480
9092
6302
5791
1514
7052
6125
8686
5677
1230
1150
8947
2431
6493
5465
426
9046
4969
3790
7226
1362
6609
7963
735
2302
446
8086
3847
6390
5797
2037
9885
6578
5006
807
826
6778
2054
7536
4999
6253
768
6333
162
897
6959
6767
3066
9733
725
6766
7086
3950
8278
5748
1207
1111
745
6020
5898
5793
2561
6750
6180
2273
2766
8070
4629
2510
1295
8709
1349
1482
1611
8101
9358
3024
8802
3891
9987
9179
6870
2684
6671
1752
2040
233
7153
3487
7183
5844
1654
4279
229
4261
5449
8997
3706
9911
5306
3567
2723
8477
3140
657
125
375
1572
731
465
2904
10005
3197
2681
6208
3572
476
8818
4139
211
8277
6676
7225
2879
1232
1139
3412
2681
9793
2898
8364
7975
9014
911
1077
4717
7203
9363
4032
5655
5781
385
5139
8442
9868
5961
4042
1227
8906
5214
7612
9328
2740
5883
4954
2149
9706
1554
1400
8415
3361
4040
5632
1377
3818
6968
6932
3982
3414
1420
3915
8373
1737
6237
7526
250
7277
2526
4198
7810
8006
5914
6236
9980
8529
7362
2360
7531
9443
2902
7575
1190
7114
9576
6896
3259
7400
2971
838
9522
4781
9868
1503
7908
8774
7995
8700
4045
7763
9378
6682
3964
3034
2768
2916
6165
1031
2403
6872
2635
5504
914
8807
5319
4129
148
8558
7940
5241
3670
8789
1557
1873
7811
9435
7461
4228
7156
2017
4550
1084
2108
1006
4418
6101
80
2342
5738
2132
5080
3120
5236
8103
4362
1647
6445
6230
9255
6200
1359
8748
6360
8161
5492
8790
3334
8269
849
9062
5705
9779
1983
9970
1872
4918
8923
3394
8037
3684
989
199
208
2303
8246
2964
9091
9685
8324
8408
229
3769
3778
5348
6663
1469
990
4588
7874
7170
5550
9579
1058
1638
484
7236
8288
9695
4317
1637
466
1823
8069
4779
9151
5643
2366
8072
9639
1170
6012
9235
9678
9571
5794
6508
6810
7726
8008
3807
880
9484
1662
2963
9351
4021
8602
3324
8772
7781
5979
6776
8868
8827
445
2280
7145
5136
1578
7201
7495
5248
1611
685
3185
217
9031
162
3379
3618
8577
3764
910
250
1521
1667
3055
7206
7543
6913
1161
2505
2775
3723
1257
9594
487
4255
5996
943
1846
5182
3389
7613
7750
2306
4079
3653
4479
7109
9421
5255
7100
7019
6437
4934
3795
5139
5138
477
2533
8177
1053
6373
2565
7420
4706
6967
5347
9870
3264
6337
5712
1779
7404
8124
136
5915
7846
2139
866
6743
85
2889
762
6181
6534
1785
4985
4619
9412
6451
8171
142
3327
1768
9553
1446
4913
3379
9556
1740
2475
8145
6171
1577
3223
3208
5804
8920
2012
7947
2425
8078
7753
2726
7320
2061
8478
8998
7818
4057
9928
8408
117
8262
1471
4904
6402
9086
6194
5838
7319
4325
6222
7892
9603
2885
8839
2124
8165
1460
2606
5729
2985
7555
1048
6612
4867
5890
2276
1559
9674
7301
3007
2817
2827
144
3947
3863
2862
5832
9183
5710
8742
8931
8630
6250
5600
1743
1606
6066
7632
1616
4808
8009
566
1424
9309
9680
4605
9298
2878
4753
2581
2801
2565
7069
9435
5278
9700
5302
8437
3085
4580
3923
6348
8988
7097
195
7762
8668
8887
1665
3395
5592
8853
8884
2272
816
2782
5802
3603
5354
1504
7683
6051
3742
5070
563
3933
382
2580
6975
6435
4316
7633
9123
5898
232
4300
1015
7245
8410
1926
3787
1365
6644
9204
6351
8609
78
6537
1990
5810
8968
5769
36
8570
1929
151
995
9614
8627
6239
5165
7989
7469
8619
3376
234
1068
9064
6173
9286
5719
4431
7112
7560
5889
6337
9605
9857
7767
6107
4587
8063
6165
6171
5835
5627
8085
9812
628
3271
4312
4014
2365
139
2692
8258
8078
2046
6910
7210
5638
7915
8780
9490
8878
5471
3003
9661
4252
6671
9569
2174
4782
5648
9349
6641
8852
1002
2973
3333
4750
6117
6417
8654
7790
7430
351
8199
5403
2615
4707
9808
9010
9080
9364
6428
7800
2345
3628
9919
7904
5830
365
2187
8174
8414
1
2175
3775
1872
8360
6588
4105
954
4690
7980
8713
4828
2087
4947
3033
7412
6768
7638
3063
4258
3703
43
7649
359
6523
9947
2163
2154
7170
6167
9107
3265
7813
7177
2599
391
9497
813
5299
3324
4166
2055
4679
7683
8412
8019
9749
3294
7998
1241
6139
2407
4291
3969
4927
8078
175
1259
5105
7807
9241
7372
9407
1720
8426
8473
8884
207
5747
6630
7861
3175
2621
7493
1962
6936
1331
8496
9525
5080
5764
9808
3075
4828
2553
2757
7414
4843
3266
335
7558
8236
3665
6959
1211
6910
870
9687
3164
4511
8718
5720
4897
8941
9440
6101
1118
7051
8594
3378
9118
4532
5690
2255
6739
87
9500
610
4170
3244
468
4225
4284
7099
5339
8017
8635
7543
8580
5290
1006
1586
9988
62
3037
8022
7880
3196
506
595
3461
5993
9974
6260
611
1934
8812
7440
3848
4546
4367
1860
7855
7543
9491
536
4340
3180
6240
6369
2550
4853
9728
7232
4475
466
8053
4138
7318
8998
5981
7918
3686
4038
263
8469
2449
6680
1636
4979
9653
1292
928
7111
4583
8107
5781
2383
6372
7209
9663
3925
6741
6180
3107
4079
5531
4256
9178
2853
6126
4541
5294
857
8957
9337
8061
6823
8880
6894
4389
4681
2305
5752
9772
5475
932
917
9661
246
4593
7111
1619
237
6595
3936
5538
9257
4924
2221
4321
4127
8125
8482
1512
8983
4044
9184
6397
5719
2658
7883
5234
8457
4026
3789
1846
1010
9568
4834
301
7203
9970
7090
734
8522
6130
2280
2966
2072
9862
4653
9649
1314
8132
2866
8132
9477
9912
599
4327
5588
5095
1151
5165
7008
2836
804
2477
3037
456
83
6398
3695
3156
881
5143
8169
3581
7301
1841
8191
6176
7644
6141
7260
5940
6678
1535
5648
9096
6775
7840
9693
3927
157
4905
4253
9244
222
2670
7877
4825
8951
9964
1713
4431
7545
1596
1788
4490
5996
6273
1572
5540
8204
4598
1667
5653
5579
4830
4691
9115
9999
9739
9342
9961
4274
3733
7442
9184
1577
5151
1990
9046
4727
8085
9832
2270
3838
6128
6632
9832
3964
2988
2042
7238
9506
7719
547
1307
3471
8122
6469
4821
4638
9321
4931
6746
6747
5163
8221
7661
2363
7068
2598
1698
7607
9275
3242
5063
9816
9052
9988
3675
7915
7124
3802
6981
5969
9413
5097
5739
4848
4702
814
2416
5834
3049
2392
6335
9418
4334
3015
9797
4846
7129
5448
4993
6079
2322
2577
2287
460
9179
4495
4335
230
193
1486
330
35
294
2452
9348
9798
9041
1444
4620
8334
5575
7489
9463
3178
8840
9271
8558
1212
3025
8418
8296
2686
5557
2958
213
668
6099
875
6491
9641
3645
4405
6444
356
6610
6481
5781
6131
5397
2128
7745
9325
33
5158
1372
6522
4781
1114
6197
6680
9520
8675
873
7461
8541
6706
8536
5827
687
8064
9582
8011
8034
1812
1550
9037
3057
6567
5779
382
175
6280
8561
1827
6003
7351
9349
7051
5239
6828
1393
4585
8984
6377
5402
6879
3673
5160
664
6534
4743
1554
6771
2
8857
6894
1082
4222
7894
3364
8447
345
3075
8397
5154
6270
7142
2335
2924
6596
470
3875
5440
7864
5215
8403
751
5103
4968
9945
1104
2845
8741
7953
217
4790
8046
5835
1445
1594
741
3719
6734
135
5587
3424
8965
5731
7188
8541
227
1425
1408
8908
6808
7159
6899
4381
6595
7018
9855
1444
9626
6522
8175
1764
3891
5452
1585
1422
2749
6014
3075
3889
3587
1825
2264
9890
2878
6740
7391
4578
1187
7423
4735
9581
8832
5821
9107
1472
7254
9004
432
9057
3165
6691
550
6538
4228
4419
2416
9158
1089
7011
2922
1856
8959
4729
5840
2218
5536
7566
7322
6827
3523
4923
142
18
8705
585
4247
7795
792
2353
8672
156
401
793
9057
3220
7693
8459
1609
3765
1304
2679
3178
2856
7920
2730
3961
3936
5406
8632
3854
4656
5513
9937
7155
2094
6589
2965
6296
6031
101
4212
5372
3599
9609
5403
6744
9514
9883
6825
5333
5992
7719
9572
8456
1072
9210
8834
1361
7875
7548
3403
5769
8322
7205
6639
3083
4927
2401
6930
4516
3067
8112
4891
1154
5453
5123
3180
4582
5814
7434
4793
8268
6041
5110
6094
8933
9456
2384
1332
7636
2342
2941
5522
6270
4261
8412
9150
671
6044
8710
5827
6992
182
5221
8620
7110
1759
7713
602
3172
4752
8800
4961
9063
8643
1735
4922
6386
3575
7967
4246
6327
5752
9495
5481
2669
2956
469
3462
6864
8366
6591
5644
4494
8808
7766
1369
212
9414
2482
5285
5394
5066
1867
5756
5801
3403
322
4772
8914
2180
295
1692
1845
4611
863
3250
6030
3130
515
8712
280
5400
762
1585
2239
1221
1309
8909
6289
7597
7638
1980
49
9959
9207
2117
7447
3703
5396
6618
3046
6805
5228
1793
3566
6733
4183
4291
316
5296
3326
3191
9294
5528
937
3846
3146
5920
5010
4628
6550
2418
5644
321
425
9812
3272
8065
987
8491
4287
7406
7337
1706
3127
5773
4286
5414
6272
1472
3703
7061
2788
9195
920
7803
1736
6274
5760
8575
8796
4057
941
6232
1353
5863
4371
3955
6228
5665
3696
1249
7214
6711
8712
1678
2396
4989
973
8843
6902
4476
3045
1147
5683
4968
9685
4585
7716
5359
1474
9248
24
1395
7082
3591
7607
8134
1704
9360
6054
7360
1048
649
9064
9300
2049
8291
2509
9016
6179
7577
1934
4667
79
8631
4074
6007
7558
4825
7495
5181
677
8078
8169
8122
2289
7549
8483
1915
8871
5489
2255
8675
1873
817
7270
9737
7000
761
153
2500
486
5183
4936
31
2848
611
9296
7564
4633
5640
7191
9683
1492
5022
4708
9014
5427
8883
9511
48
7782
5694
9213
4290
6319
6905
9125
1262
9582
2195
1649
506
9044
2271
771
3054
7058
7961
2836
6389
7289
1985
6041
4877
3819
5092
4627
6885
5185
115
5526
8972
2795
1047
967
4956
5468
261
4152
4984
7793
7886
9278
5654
6541
2
680
6811
676
1886
8266
3862
6942
4361
6587
4786
6350
3652
1165
9964
5760
8443
8966
2256
4381
2507
3049
358
2375
4234
2140
6703
4381
7088
6158
7109
7615
2806
5139
1381
558
1375
9508
6677
6647
405
9908
141
4752
7735
5300
6638
7494
3222
3762
3635
4105
7804
1142
8305
1878
6875
6698
3885
4763
4641
6855
9371
2909
5010
8718
6228
1913
3259
2610
9618
1913
5793
5248
4321
5746
8040
6503
1668
498
9510
3059
5164
2237
3410
7335
2724
8899
9514
1894
6194
8934
9152
463
7536
4148
6844
8017
691
5924
1469
734
4291
7754
6476
2487
5454
6189
6008
377
2585
9264
403
3658
301
3852
1698
618
5692
8822
6239
2190
7889
2565
2661
31
8269
5757
5058
2781
9296
7127
3121
9095
659
11
6862
2159
8110
8082
1772
4472
8061
1717
9030
5505
1073
2197
2310
1407
948
5620
9631
7424
7927
3922
5995
3774
5654
8590
2212
1755
7888
2779
6269
7772
7684
4610
3702
8852
4337
8868
2362
9562
4572
2397
1428
665
6999
6165
1819
7917
3930
2188
7949
8395
9717
4381
7517
8059
4111
2698
6671
6401
9652
4365
4603
2913
4602
9020
9035
6533
1424
4827
1746
1174
5158
263
6362
633
9605
6892
1355
1453
3359
6551
191
9074
1251
8295
8312
5643
3880
9409
8530
2950
124
4038
4752
8851
9577
7485
6759
1586
1137
3177
7637
4529
1007
1708
8694
4936
7840
9341
3121
1530
5256
6164
7315
2225
8385
4750
8902
4734
82
641
987
9244
7609
7086
1087
5159
8726
1455
8682
1761
47
8676
3201
4232
7023
9870
7430
8049
7829
2146
5377
9273
1040
6758
5659
7292
4625
2805
5678
4352
7886
1118
8045
8505
881
1778
2663
4487
3768
9140
695
4242
1978
3394
139
5386
2523
526
4854
3086
2448
4725
4762
5820
1845
1769
3093
2315
4921
8291
3898
4384
953
2512
4550
62
7683
2690
6161
6755
2372
3529
4631
4654
9713
4178
4334
9067
3424
7396
8977
8700
3893
86
7964
8536
1020
3521
4278
8042
6585
84
6211
4094
1143
2207
118
7287
7921
6876
5970
1715
279
3129
6041
5565
5860
7438
4572
7914
9211
8155
1495
6556
166
2630
2806
9015
2231
2977
8944
5516
5018
8110
5486
2832
1586
8344
7887
143
2685
1006
4278
6920
4390
7218
3389
5444
3786
8356
7250
4602
9983
4720
3795
4819
298
1110
422
606
4330
4307
1653
761
810
6102
1747
8398
3779
8799
6990
7594
8560
7552
5203
5283
1789
6651
2181
9248
2976
1802
6945
8128
1673
2446
6133
6369
1461
5082
6029
9979
9584
6857
6112
8473
8288
5387
6868
202
3476
1098
7122
6457
2916
3351
9590
7962
1900
9443
2429
43
2583
6674
3874
5229
9377
8890
2956
5075
4464
1588
1825
1933
1709
701
4197
2626
3967
906
1302
9667
5342
2644
3407
1745
100
4577
6115
3751
4060
5368
1218
943
4938
3633
1813
7588
3771
5767
5738
6824
4319
5857
2348
6184
5931
4798
6336
4034
9686
6948
704
2950
3734
6131
9115
5667
4614
8616
7706
5463
1636
5702
2226
7272
8890
5963
2986
2212
4866
3428
1006
955
6027
2373
1210
1857
2387
5040
1243
9222
1365
8232
5106
8155
4452
9549
7614
1848
555
9901
4674
7286
5333
3547
9797
1820
7326
2459
6255
7863
2345
1778
8779
3207
1828
3312
1061
4529
8155
3117
9026
3407
8077
3068
7483
8890
2051
1510
11
3533
7583
4463
2903
9528
8332
7245
6614
1185
9828
192
333
357
2295
7646
2275
3849
4936
3065
2834
5985
471
1614
7472
9486
341
86
9530
6124
3594
2355
6329
5371
6726
2106
5861
1725
8994
9792
5941
5525
9435
3418
1983
5422
8919
2621
8025
5135
4765
5785
5952
7020
4667
3809
5025
6079
3933
5924
3906
5969
5725
319
2333
7310
188
931
4055
369
3547
2093
9111
6903
3920
1216
1930
4993
7769
1331
6326
7202
1097
9724
1381
7897
9530
6388
1747
5965
2042
4866
4405
7325
8891
9616
6431
9011
6116
7718
7944
6523
5255
815
9368
4185
3609
636
5558
2327
1572
4704
6237
597
7778
8210
5048
726
1626
7573
3460
1818
1527
9942
3740
9419
2197
843
2854
30
2207
4994
4771
3731
5953
3644
5458
2981
8493
6654
909
3159
1646
1440
9343
7109
5899
4337
4899
7010
2054
1883
2142
9704
5670
7187
3218
2873
2194
9384
534
2708
6133
4648
1634
2011
8268
9200
3590
7771
1109
3760
6457
140
2048
9253
8101
2701
3793
4274
6336
1684
8527
5553
7393
6148
2810
4136
1364
691
2260
7882
8464
3882
7063
1902
2629
8828
1545
8891
848
7756
8474
4486
7430
7298
350
7352
800
7381
7904
1165
3296
8858
8788
359
4284
2056
1450
2218
9714
4904
5174
5058
5447
5726
7979
1945
7703
5537
9818
9889
2214
9569
2204
5429
7285
9669
8512
6416
8248
262
4870
3529
5098
7700
6970
7393
3119
8305
3654
5110
8287
9276
2903
5909
7376
8100
3493
182
6515
7249
1948
3464
1170
7927
2423
6937
5169
2477
3700
4840
2924
6827
966
3912
8624
6164
5026
1313
19
8769
9303
925
6814
8951
4040
3557
7625
4661
6732
5465
4798
3193
5743
8891
1032
3826
6217
7281
167
5821
6075
3937
2487
4710
6124
5110
1688
8375
1795
1511
8030
1805
1664
6812
1313
4926
9937
8700
3542
8779
8884
5525
3488
7100
4198
6589
8129
7541
371
1020
840
9714
3503
3499
8140
1722
1881
5268
5784
4348
4556
1883
2948
1578
2863
2290
3539
760
6950
1363
9861
8612
9491
3368
5125
5895
1962
6796
6963
3911
7166
8781
2253
5022
352
7299
2533
7206
9725
126
5245
9431
9052
3328
713
8527
3132
857
9254
277
8840
4211
4946
9657
7198
8267
10003
3098
7494
3861
7961
8648
7189
150
5053
4439
3400
7459
5264
2353
3967
3980
3414
4057
922
307
2173
8497
5944
5412
6328
8983
5194
2784
2054
3073
1104
7322
5171
2795
6341
8425
8907
4628
1247
6688
4337
4729
5109
9071
3602
9669
5147
6914
3056
9608
3573
8276
4431
3829
4390
7377
9983
3897
4907
4946
4495
3952
258
2176
1022
1590
6278
6748
3050
3824
275
9245
3243
4870
2611
9513
4204
1333
7065
6404
8618
8545
7235
6609
3009
8956
7599
1743
2542
9005
3839
7866
7096
4119
7884
7928
2268
7635
4328
2773
9866
2727
9587
3349
3580
4328
891
3401
8513
8610
2450
8985
858
7959
2225
2301
4610
2638
9380
318
2991
5509
8091
5612
6534
6989
6319
2620
9440
1704
3494
3854
6220
8127
7015
5832
2671
9843
9523
2608
6824
9190
1675
8099
1728
7450
8845
7245
7562
3827
6691
1732
4282
9245
6930
4958
1227
5656
49
950
2253
898
183
8767
2547
3204
7300
646
8147
9246
4140
5892
7483
7345
4967
394
5104
2152
804
2045
2960
5678
5670
7295
4543
5236
1450
4070
4284
1938
1875
2022
1385
3848
9225
9942
422
6217
1449
196
1766
7676
9569
5376
2782
4720
3169
1098
4813
5649
6816
9557
5259
1943
4911
6805
6921
8443
5558
6854
7058
7210
9743
4068
5449
4291
9692
6593
1448
9979
9211
1809
4533
7432
9938
2298
577
2793
4610
5516
5850
7135
6600
4262
804
9227
1047
3119
6604
9915
1041
3854
7463
3692
1499
7521
1669
3144
9583
2686
1922
8076
3459
815
68
9298
7518
9423
931
1929
6730
7902
7250
8972
449
9233
3904
9805
7696
1013
2955
4610
1413
9715
3979
8333
9437
3630
1809
6395
1307
3565
8949
7698
3234
5257
2132
800
4361
1494
6796
892
4432
9835
1928
5319
2781
9741
6166
7712
9353
7457
5559
9978
9526
3974
9400
2352
4852
7636
7761
9800
4484
4601
890
6585
5455
6811
7605
1435
4553
6732
549
4977
6618
4189
2084
3180
3887
1203
484
3828
8685
3327
6636
759
2015
4326
4021
2853
7247
9281
581
1919
2315
7392
9131
9391
5450
9875
8339
9731
2797
8859
5584
4366
5396
1339
2806
1210
8210
8830
3485
293
7948
7405
842
5354
1996
7765
3519
9658
5071
9
4437
4189
6953
9643
150
4458
10003
5265
5003
2327
5978
4111
4185
7512
4871
6101
2724
1304
954
9273
8291
8685
1438
359
8794
3301
7109
2011
1696
3608
3986
7919
4625
5037
5825
9587
6652
9221
5192
4887
3404
6909
3451
329
300
5065
777
6773
828
9125
3469
7457
10002
3185
3814
9504
2803
9176
2442
9480
7051
4744
5030
4563
3554
5918
3701
9073
6218
5279
237
7776
1976
3309
6229
972
7937
7131
7460
5485
5926
195
9909
5473
9819
1443
857
7341
1343
2390
357
5060
9002
4161
2708
6125
6766
647
8769
7060
9037
1853
7107
6582
3427
7307
7404
5927
1236
4552
8175
5345
3059
8661
5548
6636
286
6891
6205
1056
5335
5203
516
3257
7695
9103
7067
5110
9248
6421
7365
7581
7733
9239
4353
9427
6245
5436
201
3828
1732
8266
748
7079
5953
9673
3608
5501
8441
8850
4701
3546
3937
8144
9844
7115
5515
6366
3257
5183
1136
5263
8254
199
6408
9986
2068
2548
8583
2961
44
7554
771
9252
5251
4937
4628
9290
5089
6590
5295
6498
1088
5444
9890
5111
9770
1724
6916
4218
6371
9013
9000
4304
6597
6684
6994
3517
8089
7146
3996
4362
7809
8999
1261
6807
3946
3409
1894
595
4780
2255
5687
7173
4902
8471
6127
9566
2908
8874
6234
9152
6375
7429
2610
6208
5439
2236
8803
9299
2907
9730
6828
9103
7419
5057
2295
7460
407
7357
7735
9741
5139
2980
2854
8874
7495
7449
1447
4788
6035
6937
6078
1374
9997
1202
2670
8308
7161
6106
1861
9805
4094
553
494
5655
2862
2804
95
4534
7106
9616
9289
9420
7913
2736
8400
3221
6687
1395
1659
3187
3122
2540
7769
9501
3528
6493
4036
7988
8036
3789
4049
9025
6618
6514
8888
4426
5083
7599
8806
6915
1624
4605
6335
3134
5656
3312
4507
5270
8257
6807
2382
4790
8159
6277
3750
2232
9775
8444
6959
2131
7305
5145
6650
1974
4344
4802
7698
91
3692
6251
474
4972
9532
3619
3364
1436
7555
3847
1622
883
8624
6511
2168
1092
6812
5489
830
3311
9181
6963
6111
4735
3156
5750
6481
8876
996
4091
7220
8589
9683
239
3304
6535
8034
9599
9230
2366
8947
4853
2620
3694
2395
8761
9012
4490
679
379
4902
2019
933
2047
9610
1842
8990
2241
4566
1383
3404
2506
3646
650
5727
5819
6897
5391
8391
8076
4401
732
9436
6153
4931
1166
1662
1293
6535
2552
4871
4774
7987
4888
3262
9714
93
1418
8309
883
3768
4153
7898
1353
5261
2083
3414
1177
7418
7480
1983
2400
9419
8504
6218
7212
15
9603
4548
4770
7794
2617
2137
7723
43
568
8264
7002
4765
1508
1877
3495
8154
7773
1009
5955
2366
2312
1925
1393
2308
7157
5418
6799
9226
4169
1469
7603
5855
7372
997
9931
3005
3100
3306
1551
7602
770
4164
7399
4512
6271
7488
3962
5076
935
9205
3360
9839
7774
707
40
6112
7308
7711
7756
9041
372
4012
9067
4280
9794
3432
110
6528
946
1726
1602
647
5071
4483
5048
3252
4733
6033
6079
7126
2616
4810
3140
8884
6370
9805
1378
707
3320
5546
5103
2883
2507
5851
270
2346
3822
7155
4712
946
5367
9347
4740
2182
4379
9000
4477
767
6458
889
5805
7288
6816
5524
4822
7376
6623
609
9513
1889
4482
2606
2222
9501
2808
538
2419
7529
4174
6233
3902
6507
2008
3357
9014
7390
9034
8661
3311
2138
1697
6048
9062
924
9128
9330
8462
1442
7407
7972
5277
9054
8446
2481
2296
6880
1029
9663
4860
9974
6979
4660
3804
6887
5307
2188
4910
7744
6701
6880
2299
316
1092
6880
9238
6057
5163
5214
6416
3120
4038
899
8853
4142
6577
3319
2093
8813
5973
3525
8899
8724
3700
6626
7263
1292
1458
3861
3936
411
5641
7827
1168
9349
1337
4216
980
7202
3747
2998
9353
7712
5913
2097
9522
1048
8790
6554
6827
6510
3907
1979
2488
7610
5475
4646
143
6789
5932
7821
5193
2111
6010
5296
3861
3997
6465
4413
9988
175
8838
3912
2489
209
878
3226
3425
775
7050
759
4393
1533
3532
9252
3007
3615
6249
3416
4216
9415
9214
5853
8188
5017
8142
1398
5900
6003
1213
9233
5086
504
1441
4549
496
3431
6940
398
3629
8911
1189
3143
8466
1083
6520
4838
5793
1029
2996
81
9774
9605
7581
5382
394
1230
4007
5101
9182
1010
1301
6518
3616
1834
4649
1903
922
4666
6660
2204
4514
5331
3236
8244
2712
3107
5404
7358
90
8229
8467
9169
1756
883
5645
3590
8540
5034
2689
3648
7358
382
6937
8754
9844
5634
9014
3534
10
1838
7173
2684
3357
2154
6052
2465
9507
6568
6821
4981
2704
8101
8807
4906
3165
9295
435
1837
225
456
6747
7693
294
9000
6447
3125
1612
494
7071
2938
8746
5966
2661
7422
2154
8827
5209
9399
7064
3285
594
7980
2328
8282
7701
8231
7923
7137
1164
3797
4774
9261
2808
2552
3990
3281
2253
9482
1058
3732
9422
6177
7156
5940
908
5217
2640
8228
475
1614
9530
2890
6430
5846
5257
8553
5597
2079
9419
8561
5793
4137
1642
8990
7076
4414
9530
5061
6255
805
7088
7318
4713
9844
1997
4270
4218
4844
2401
6516
758
8557
5272
6086
9065
3746
2535
3907
8443
9230
1063
1867
1380
2128
6547
2966
6284
8366
1786
4846
72
3060
1721
138
5760
3737
6346
4695
1803
65
1202
4486
4279
2145
3679
8791
6999
7249
2937
3169
3858
2721
9082
441
6853
3489
1503
9725
7811
1447
7673
1849
2542
8036
3145
6089
6948
176
6504
1210
8248
1500
1732
2083
8187
1285
1053
8561
9525
6025
7185
8284
832
1288
1766
9511
9111
2727
4654
7450
7799
6136
6061
9755
719
4497
5686
4589
4417
9374
660
8200
6967
7485
4976
1737
918
4336
395
5489
3463
6487
142
287
2245
6242
7652
9817
815
6191
2892
1105
7532
7255
6418
9943
6289
7059
8288
6142
4888
1440
5362
9571
3963
9767
2089
6212
2253
8239
3435
6294
9127
5167
4298
2448
1221
7554
4933
6098
5645
2701
8181
5270
6155
351
2135
9227
8381
3802
4620
7183
2012
9544
5492
6579
5082
9158
5175
5915
3497
2131
2543
370
9608
7109
1675
9172
7419
7932
4762
9568
609
2721
4570
5178
2130
700
7317
9386
5541
6195
7333
4086
4622
8078
5115
5444
5518
5835
6926
7139
5350
8623
9952
5624
3423
4900
7843
130
6752
1389
5134
9878
422
4940
2829
4684
35
4000
9630
6613
3093
9903
1621
9925
5003
1660
7533
4650
3904
6679
7176
6057
1664
6621
6244
9754
131
378
5582
8268
7245
7199
5616
2525
3358
1487
6130
826
7389
560
5292
4856
3063
1105
6900
5477
7481
9729
38
5980
4722
9650
8903
3476
7649
1584
9658
8576
8746
5501
8856
512
3524
4320
6201
2000
3856
2468
495
1387
93
1463
8006
3080
6452
5477
6892
939
6157
4216
5557
940
8607
2087
123
1987
6431
5207
8832
7798
7397
1315
3882
9741
4849
4192
94
2460
8583
9839
4480
4895
7172
6261
9631
2423
3426
4962
6012
1229
8620
2096
4041
3905
724
6186
7922
7293
2917
8204
9266
9162
1665
916
5659
8563
9206
8031
2793
8774
856
953
8489
3839
4599
4976
973
9729
5813
6585
2741
9609
5210
1401
4464
6103
3420
3320
561
6009
8023
7465
6622
1661
9127
2772
8519
7016
3424
4049
8091
3064
6082
6439
268
7377
2787
4683
4349
2945
9715
1218
2186
1967
569
9717
2933
8055
1824
5087
1065
8023
8116
8780
6033
697
1399
5350
231
7762
3673
3684
6726
9079
3139
5478
8295
5615
1483
6428
2261
5660
5643
8557
1145
7507
4405
7537
553
4248
9703
2876
8841
8943
91
5468
7102
1097
4260
352
3758
9492
9741
8239
2398
9674
2853
2793
9032
3711
4745
4460
2977
6582
2511
2237
6267
7907
9856
5905
3188
9816
4521
2628
1461
468
2817
9829
1236
2766
9675
6857
8961
7033
5356
8472
1832
1083
6949
2643
2755
514
789
6296
4991
1981
5897
9394
9146
1419
1993
5952
66
6135
9842
8956
7914
6086
2655
4757
5492
7326
9606
3564
5627
846
2391
2047
6650
1981
5694
2855
2035
8416
3430
796
7163
5891
8090
3091
4615
7877
5868
1399
1105
386
2420
4531
8852
9040
9405
3407
8190
7579
1503
5985
9022
9542
4270
4068
5161
2415
2509
3089
9579
221
1898
9782
7995
9390
3102
5631
4174
5899
4460
3531
9719
908
471
6026
4279
136
3029
6866
8821
6000
9410
9548
507
3583
4166
2707
5924
2834
7732
701
2601
8521
655
7326
4917
6594
3399
1944
479
1015
6255
3558
6098
8210
9569
3640
7389
4560
354
8213
4917
3984
8012
8138
4422
6953
2711
5059
3921
1772
2893
3335
6666
1449
7819
8217
2565
7708
7661
9535
5827
975
6345
1510
8252
2969
8608
5359
1570
725
7329
9614
1868
7188
7736
786
7654
187
3969
6146
9204
1147
4489
1419
6776
1086
2735
9148
7164
4211
6198
5372
3466
2368
3445
7974
9399
7534
6617
917
8017
4531
8724
5896
1914
8266
2171
8813
2019
4079
8847
5097
5797
1563
856
870
6499
4807
2436
9193
2106
7148
6211
8758
4338
5618
478
6333
1603
8638
376
8259
7817
6725
499
4292
5525
8186
4730
9450
3011
6780
64
882
3085
2089
5142
4098
1114
168
7832
196
3208
8775
5968
704
6908
3844
4651
9562
3421
5498
7965
828
5397
1215
2294
7891
2315
747
2736
4476
8371
7995
3369
2009
2442
6823
5094
5186
6462
5395
8860
7485
256
6030
4210
2637
637
7710
5408
7465
1480
1430
5636
1388
7612
8319
9990
2134
3699
5130
6790
5937
4008
4347
9164
1069
5674
512
7539
4732
6445
6855
5696
9237
4053
7037
2937
6023
3733
8541
3906
3013
4149
113
7760
9855
2669
9667
9453
7866
3683
1806
3006
2628
3226
1372
3782
791
8731
481
5270
2263
7637
4796
2488
4249
1443
1153
5037
3089
6876
8471
1719
4035
1444
3180
4503
3585
4310
5300
3639
6839
8352
2316
4308
1712
4286
7959
2702
67
8134
6419
3981
4680
1167
3932
3149
6246
9319
7381
6421
333
940
3397
5634
3477
6519
7980
9748
8954
2554
2574
9998
140
3417
4802
7234
9822
9777
8927
9656
2456
3071
2006
9545
7926
7761
6361
3495
8575
5859
2867
8985
4360
7418
2111
5601
5425
757
5876
7677
4471
5693
2867
5157
6319
2939
4613
3286
7142
9571
4177
4117
2549
1748
7476
2799
6763
5017
4269
5422
9018
7515
9767
918
347
5435
1714
2660
4213
5427
6154
4044
83
3642
6397
2531
7652
7420
7999
7334
3908
2915
8587
901
4808
2584
5296
5005
4583
6303
4459
5944
2844
3985
8354
7868
1378
3197
6898
4282
7314
5715
4176
3378
3139
8985
7979
3905
3744
3505
6463
4452
3460
8333
9183
8622
1909
9963
5155
5723
2286
8385
8314
9963
13
9583
6393
6486
8389
5283
7786
3201
6048
2002
304
8788
2339
9705
3499
195
6508
1682
5774
1013
3050
774
4757
6316
8486
3734
9475
1363
9537
7247
670
5940
1564
3140
8865
6121
6209
3581
3328
9594
6946
7874
8392
8231
8399
9856
606
8130
8252
8487
2274
1569
3637
5397
1853
6596
2627
2217
429
1002
6525
5673
9135
5838
4074
1273
4972
6210
789
2991
5553
9424
137
7303
8195
9872
2607
695
7523
5279
1806
6969
105
701
6705
4920
9327
3221
3420
4486
3603
6417
4362
5635
5692
2037
253
2850
168
5034
7495
4869
1036
6237
9661
1732
1173
2089
5913
218
9061
1660
6820
1391
422
6941
3248
808
5952
6761
4716
4692
3068
6013
9408
4358
1247
2474
2869
2898
6189
9798
593
7303
9919
3202
7514
8644
7317
1298
2601
3462
7915
9401
4116
2926
2315
3643
4015
8855
9394
4412
8454
3150
4592
1380
674
9310
1865
5739
5803
1119
8401
8940
7789
8771
287
1215
9876
48
6429
220
6872
9921
755
9904
1338
1477
2783
9504
6902
3777
2535
2004
9825
2294
6571
6327
5285
924
411
7004
4661
1298
73
5583
3917
9168
3785
6654
5343
5770
5088
4911
369
9354
9470
144
9141
6977
3871
5136
660
7513
3268
5084
3680
9872
2053
7330
507
9227
2133
676
5291
5481
1058
1206
7897
421
5618
8644
832
1314
9378
1774
1215
8608
5565
8481
9538
4216
7962
9088
8663
6349
2761
157
7071
9706
2457
8868
5661
8558
5618
5840
3133
3261
4065
8658
6378
1456
9503
7835
750
6526
9864
9970
1303
8922
5230
2485
5048
8484
4668
7236
4441
8674
7785
171
7976
7952
7199
8761
4012
3016
1816
4074
6970
2438
1562
4066
6234
6031
6587
4576
3438
5183
6243
1671
2020
6186
7014
6502
376
6685
8070
151
4462
8040
4352
1847
9142
645
9406
2915
6724
6238
6610
4363
4735
9796
8481
8982
450
6771
4162
7979
8643
9371
6136
5507
4178
4798
632
5365
2925
2336
4153
5632
2756
2169
4788
6532
2845
3928
951
8714
7246
2118
8221
5970
5322
3924
256
7773
6750
3490
5958
2976
1280
2676
6925
9524
230
9625
5476
143
9627
734
5147
8734
8235
9001
1040
581
6233
7914
4028
9450
787
936
8843
7949
561
9733
5096
456
2371
7296
3344
2392
7606
8904
4731
6187
8360
9297
7301
1588
9949
2915
204
7841
3289
5445
7587
8307
1778
4229
9070
6503
667
599
3251
2157
2891
4864
646
3208
5
3861
9063
9591
1333
890
4281
2752
7327
9189
1183
8662
4764
9899
3779
3557
3001
8301
4097
4654
9193
7099
3882
5159
6896
4362
9285
507
7900
9986
3353
2924
1967
4318
434
9456
9474
8148
722
1000
1355
3877
1805
7548
845
4504
9287
4489
4330
2472
9595
7171
5959
1564
9262
2485
6507
3622
8711
9327
2051
5280
4178
4197
5808
9017
8922
134
575
7315
8358
9512
7700
8083
7
2279
1261
8194
4312
8885
436
187
6837
4305
6942
523
9436
1900
8595
5790
833
3509
417
332
3623
4657
2955
9012
863
6193
2204
626
9311
6049
8100
8466
3665
9631
8172
960
8416
706
695
4518
1399
7590
7706
9430
6778
7673
6571
2374
3286
9361
6315
3675
2959
8070
6192
2441
1067
584
9462
8672
2971
7303
156
9492
3666
316
975
6728
6814
8032
3519
3022
6790
5745
5803
6756
3132
5217
9365
2680
2054
8898
8453
1613
5325
3919
5245
7346
7031
8062
6970
7970
8245
561
9853
9389
5628
4429
6528
8409
4881
2762
5184
8859
4662
7412
6913
283
7247
6156
4711
2347
2161
2481
1403
9484
563
823
5083
9153
3568
113
2611
9612
1944
3825
8800
9824
5300
6762
8622
1715
8135
8810
4075
4119
7331
6781
3180
9922
6886
5626
8804
8944
2352
3563
6383
9086
5416
2846
2289
7616
5006
6905
5154
2256
4134
8334
5167
6947
579
6669
4755
2427
3504
7921
3162
5096
4724
103
8343
653
2420
9374
4981
7750
4761
8935
5557
653
4481
4937
1418
5937
1100
171
8761
4359
5872
9863
5910
4115
975
3937
4661
909
7925
7983
2374
2427
8000
6576
7516
6664
2136
7452
8336
4639
4385
5546
4050
5720
9557
4827
3343
5416
3616
316
2082
8509
437
7698
4237
3305
7348
4516
5270
9332
4685
3715
3009
4193
4395
3566
2249
3620
4062
8922
3810
1647
7921
7822
3029
7544
4315
3
5943
9539
4265
7106
7440
4361
1766
471
6251
2633
7374
8439
6639
6043
6691
1068
3767
7530
5632
2792
9528
7578
3567
1190
1982
4853
129
382
4855
8273
7544
5448
5654
1967
9507
2309
3659
7869
8852
2107
375
8522
4241
7508
8419
3362
5559
4650
8730
9779
121
1816
7478
2012
2415
5562
3208
7132
3951
4229
4299
1464
8732
8972
1049
5431
6190
8537
942
2370
3883
8263
2627
8583
2125
2318
2541
1571
651
7982
8864
1880
7720
2887
8269
3389
8572
6642
2821
5122
1476
3946
6429
6975
281
7523
9054
9029
769
3666
1662
4871
2245
2347
4729
3118
223
6274
3213
8594
1840
5002
2244
1619
2368
3341
8388
6854
1989
6905
4770
9095
6678
6026
814
9588
7677
4141
3726
1279
2951
1262
4755
7325
8131
1670
1227
6428
7283
7857
9712
9005
112
4747
2743
289
2229
2578
5324
6878
2841
6506
3935
3455
8265
5798
9409
2693
4302
4450
8228
697
8278
8594
2118
5509
9485
5990
4784
1981
6719
7327
3493
9870
1627
9409
3438
6271
6703
8948
8577
3991
4943
8782
1164
1565
4956
5464
3645
6485
2207
9867
5676
4429
3246
467
3518
8880
8795
3411
4757
918
6554
6021
5732
2003
298
7098
2031
8719
3705
599
4003
294
3548
3699
1986
8553
4793
8019
5461
9865
6950
2904
3528
8018
7443
217
4535
5083
6418
3298
9914
2135
2974
2027
2845
6575
1481
8802
4910
6123
8516
8308
6316
2434
5985
6001
1524
3830
6081
892
7831
1102
3645
639
4582
2345
3790
5293
6172
9854
7150
5118
6136
5309
7589
2246
9964
5465
4674
9073
7381
9441
1878
9916
2410
1702
4549
3699
1974
1578
6020
6625
870
6818
5291
805
1630
777
5584
4767
1150
1496
6256
2929
9404
2609
2336
3864
953
7764
4340
6407
9071
6193
6409
3424
1918
7506
8184
9353
7822
7897
337
5571
4430
8129
5426
3793
8387
5651
1434
7021
3528
3535
9509
4605
7349
3674
7920
5176
9415
4705
9176
4373
2547
3006
3574
5329
260
7974
8025
669
8806
7261
7309
4028
2977
4097
5234
5343
1892
3297
847
8296
5374
4956
1580
323
2030
1333
4941
6787
8712
6196
5791
6049
4945
8360
1911
4184
5293
5875
8733
719
7976
5801
8218
8781
4440
6285
8808
4141
187
5083
5982
6105
8613
846
9362
189
6730
2777
1092
2730
3047
7265
9200
630
4661
6032
2257
2363
2549
4219
2459
6172
7423
3888
1627
7187
992
4586
9985
5523
8790
5955
8631
2029
2762
804
7434
9107
6560
8255
1231
4362
9356
1704
7610
245
6257
6800
2220
664
4207
591
9645
4323
8987
3901
8138
9215
7753
2591
1492
975
2110
1551
5286
1342
4283
916
3301
9805
997
8623
3111
8940
9832
2196
2584
3299
1966
135
4557
6154
7360
7636
5470
1851
6862
4305
9993
8757
5066
3941
8848
5500
9289
8672
5257
4382
393
8848
5390
7682
5759
5981
8796
1070
6601
753
5199
5235
217
9485
3037
6033
9008
2036
7952
8485
6208
8189
341
5131
2871
4591
1807
5713
7022
5432
2318
2064
1006
1924
4192
7152
432
9095
9303
9110
3572
3773
9719
2879
8577
9527
6194
1050
3865
5942
6767
4164
5196
2210
9200
2821
5488
8148
5361
9951
4882
8608
3186
600
8154
1308
1796
8578
5214
9806
9195
3324
8883
7400
871
487
1275
9929
5103
818
8525
2507
4941
1398
7261
8840
1803
1182
9919
9561
439
8745
7608
324
9508
8569
5096
1239
9167
9909
9841
5384
3278
7716
3162
8025
2034
2810
5321
9697
7735
9777
938
6713
9472
54
7890
3868
3872
9848
2880
7244
847
3779
4692
92
115
2851
8624
6057
1403
1284
456
4584
9550
9320
7557
6539
854
2196
1285
3002
5363
6124
5427
5788
7894
7476
3606
2260
8334
8292
7811
1386
8666
1905
8169
3571
4565
5024
7603
6030
6628
662
5879
7348
858
539
6971
1321
2630
3816
7710
332
5806
7506
8111
3077
3386
7104
8654
8871
8477
3614
3942
6151
7440
2700
1371
7424
1303
8623
4071
6892
7268
53
7157
3510
1753
3754
5468
1447
7099
6515
8542
5953
9387
3386
4677
642
54
7522
5464
8020
5442
7293
2865
4179
2623
733
6345
4838
8217
5641
8616
6583
6827
5864
5890
5112
4819
536
4044
1920
3161
2622
4365
4013
9627
5437
1068
5409
6325
698
5901
8715
1541
7932
8429
9193
4360
719
130
1079
7488
2433
5277
4655
5835
6453
9393
1594
5789
3348
6294
6365
7194
7310
4790
1401
3112
2207
1121
5822
8346
4676
4414
5604
6588
5448
7662
2411
7315
6451
7591
9821
3424
8851
1608
6229
5074
1888
6412
4811
2457
7079
3048
1091
5121
3133
2522
6298
4301
128
9303
8071
6563
8019
1178
5078
1261
5528
3789
2051
3506
9726
9920
6292
9498
7954
5243
6920
8588
2719
7772
8285
209
2934
6495
5215
6356
6933
6505
1427
975
2001
7607
8348
9602
5757
3802
5542
6834
3835
4118
4687
7963
6809
66
9782
4197
8010
1020
5569
9150
6521
2002
4671
9513
26
2177
5540
9619
2365
2013
2745
2791
2630
5573
901
5958
7274
4317
2547
1981
4643
9854
6548
1167
1845
2284
1729
2017
8301
505
8625
88
451
5508
5372
1253
8966
9192
2213
1978
6892
9209
6570
7989
6333
6730
4274
9399
7656
8974
1803
4515
6483
1979
4577
7264
8477
744
9397
437
5500
9115
3990
2376
8542
7535
3352
3967
5280
7077
7264
7269
2275
751
3466
6442
870
8401
2117
337
515
5573
5607
2018
3346
2165
5644
3105
5221
6484
7782
932
2819
5423
4223
6720
2210
4452
9032
9951
5926
3285
835
6050
5364
5688
