20
100
2 1 552516
3 1 924080
4 3 841608
5 4 518944
6 3 823736
7 3 440562
8 5 231177
9 1 568916
10 1 328338
11 1 756805
12 5 137796
13 9 497789
14 7 222778
15 14 181239
16 7 153866
17 15 841734
18 14 788715
19 1 464388
20 2 27613
21 3 333494
22 10 732979
23 17 27267
24 4 271111
25 15 780242
26 25 380373
27 4 261899
28 3 400995
29 27 783507
30 25 389063
31 15 771520
32 30 622999
33 5 765661
34 28 928122
35 26 74740
36 14 246082
37 17 323433
38 18 698639
39 31 492270
40 2 463233
41 32 601901
42 29 809557
43 8 394477
44 18 139838
45 35 350674
46 40 659079
47 26 588180
48 47 768150
49 32 210143
50 34 100239
51 32 168356
52 44 693114
53 44 358083
54 3 358839
55 50 394205
56 21 122863
57 50 182028
58 7 376257
59 50 659322
60 59 270838
61 28 561346
62 21 164893
63 43 728345
64 5 503364
65 55 662017
66 29 256072
67 16 982625
68 4 838512
69 11 373641
70 27 191058
71 55 52124
72 5 763950
73 55 279044
74 28 843358
75 9 172652
76 22 981064
77 49 76815
78 43 883521
79 45 111702
80 63 776350
81 70 23189
82 28 636793
83 9 497958
84 18 346519
85 50 705357
86 48 639442
87 81 884200
88 78 24335
89 3 576301
90 31 617960
91 2 14591
92 56 482948
93 29 261331
94 6 412916
95 36 269703
96 72 663101
97 59 738037
98 1 815055
99 40 291549
100 28 140295
C 0 296089
C 51 215832
Q 47 32
Q 6 36
Q 80 83
C 9 423203
Q 93 57
Q 45 100
Q 90 54
Q 90 79
Q 98 31
Q 87 82
C 61 155028
C 80 584985
Q 90 17
Q 4 78
Q 85 71
C 81 992167
Q 68 56
C 98 667197
C 75 680095
C 41 996433
C 37 640546
Q 18 78
C 32 562467
C 30 462623
Q 34 7
Q 94 41
C 52 984108
Q 70 58
C 11 633085
C 36 911426
C 42 817764
Q 28 81
C 97 497314
C 35 384696
C 51 745929
Q 37 75
Q 93 79
C 4 980848
Q 13 12
Q 19 48
Q 5 90
C 39 549717
C 99 870267
Q 78 2
C 78 736305
Q 38 94
Q 85 86
Q 91 90
Q 6 54
C 4 283972
Q 30 76
C 69 333967
C 90 152166
C 75 426496
C 8 586874
C 69 775863
Q 57 47
Q 22 89
C 86 230846
C 10 845502
Q 34 32
Q 98 1
Q 79 91
Q 77 19
C 28 618427
Q 86 96
Q 35 4
Q 22 77
Q 47 64
C 76 770374
Q 78 60
C 6 341757
Q 3 87
Q 16 64
Q 24 44
Q 57 29
C 51 740416
Q 97 37
C 29 765835
Q 60 63
C 90 157393
Q 54 99
C 68 129953
C 25 455068
Q 2 43
Q 3 51
Q 100 2
C 50 562150
Q 31 79
Q 22 38
C 90 622681
C 17 91934
C 1 481154
Q 25 31
C 61 702632
Q 91 35
Q 53 86
Q 77 88
D
100
2 1 777642
3 1 2404
4 2 119092
5 1 440304
6 2 785873
7 4 440100
8 7 17562
9 5 875311
10 7 14129
11 2 918496
12 7 695325
13 7 265781
14 1 711536
15 1 13744
16 4 583362
17 8 148084
18 10 654402
19 15 232596
20 16 313679
21 19 645375
22 11 355656
23 6 10061
24 22 800030
25 4 371888
26 9 394417
27 25 151049
28 17 171949
29 5 222152
30 12 550666
31 7 290395
32 10 61630
33 14 527733
34 8 588964
35 13 489524
36 30 949579
37 10 34898
38 5 253075
39 8 194804
40 9 479385
41 11 867262
42 41 373426
43 34 479894
44 27 467843
45 1 945210
46 3 454291
47 29 668886
48 3 674082
49 42 748303
50 38 473298
51 26 714744
52 10 889075
53 13 244463
54 41 827302
55 22 711605
56 7 38660
57 50 696839
58 50 629880
59 14 473811
60 25 395128
61 40 632581
62 50 654624
63 32 881691
64 18 530787
65 41 624455
66 10 384171
67 56 943313
68 2 605190
69 39 931746
70 42 659744
71 2 771881
72 41 771271
73 32 626840
74 26 645451
75 30 531575
76 29 519669
77 55 406349
78 13 498324
79 37 19350
80 60 950735
81 76 549547
82 7 499353
83 69 124502
84 6 713337
85 31 569736
86 42 732300
87 9 587834
88 78 326688
89 57 421072
90 61 831674
91 46 529068
92 78 633153
93 48 558339
94 83 256158
95 6 193290
96 10 254195
97 20 574501
98 51 268398
99 8 890792
100 9 271600
C 16 520251
C 2 540173
Q 27 44
Q 1 41
C 94 579745
C 32 743925
Q 24 14
Q 18 54
C 15 981151
Q 59 89
Q 89 5
Q 88 7
Q 73 86
C 95 668286
Q 91 32
Q 1 16
Q 72 39
Q 88 8
C 3 186975
C 20 725385
C 89 240673
Q 62 60
Q 53 33
C 91 362280
Q 71 70
C 97 838222
Q 98 46
Q 15 33
C 32 375436
C 4 690856
C 13 743398
Q 79 59
C 1 128063
C 62 477954
C 7 49576
Q 37 74
Q 32 23
C 65 291337
C 57 953221
Q 25 25
C 26 416590
Q 2 20
Q 89 74
C 6 606336
Q 9 95
Q 33 31
C 77 279263
C 67 575980
C 41 175989
C 50 749913
C 66 55840
C 32 850793
Q 56 81
C 41 364440
Q 86 48
C 52 822380
C 96 797209
C 62 881828
Q 17 69
C 90 267071
C 92 666690
Q 85 22
C 96 854277
C 80 339971
Q 53 56
Q 19 60
C 66 641656
Q 78 70
C 18 719786
Q 49 28
Q 92 20
C 76 233557
Q 55 53
C 13 525785
C 10 206589
Q 56 59
C 84 627726
Q 22 55
C 85 70773
Q 71 22
C 78 369865
Q 75 93
Q 93 48
Q 87 13
C 2 344723
C 25 396031
Q 8 15
C 96 783088
C 6 797873
C 1 427996
Q 24 74
Q 17 48
C 66 575140
Q 20 78
Q 58 32
Q 85 57
Q 70 16
Q 32 64
C 95 425170
Q 36 23
D
100
2 1 381198
3 2 832380
4 1 46615
5 3 9545
6 3 893319
7 4 587752
8 1 440895
9 6 924828
10 3 573046
11 6 279636
12 1 861604
13 8 783698
14 10 344874
15 13 424441
16 5 100680
17 15 249643
18 14 83761
19 16 3852
20 11 400201
21 16 248207
22 10 610362
23 10 315066
24 21 367171
25 13 229858
26 16 642181
27 8 399082
28 18 188381
29 3 503054
30 13 156823
31 4 891043
32 23 524357
33 13 739379
34 31 739059
35 34 254843
36 14 272978
37 29 949129
38 29 371710
39 16 967298
40 39 536791
41 36 679096
42 35 223001
43 26 715458
44 38 260956
45 27 460986
46 34 662357
47 36 675281
48 41 9065
49 3 827533
50 12 674241
51 25 887381
52 6 101775
53 5 863260
54 37 133406
55 49 728716
56 13 544064
57 4 881870
58 14 2341
59 23 178444
60 49 848542
61 22 713778
62 25 24161
63 46 730314
64 22 836421
65 22 781347
66 38 640220
67 53 490582
68 64 537939
69 1 248181
70 33 700749
71 57 374244
72 42 417412
73 42 11876
74 72 886144
75 54 715751
76 62 378805
77 61 278286
78 60 851290
79 43 952542
80 43 82796
81 80 747426
82 60 435319
83 51 14064
84 39 108199
85 49 193657
86 30 755493
87 9 570112
88 32 856718
89 35 109007
90 73 805010
91 89 510250
92 4 803341
93 43 619483
94 53 829838
95 48 375044
96 75 338615
97 38 184704
98 16 876828
99 75 779894
100 37 977363
Q 78 7
Q 41 62
C 30 47468
Q 93 29
C 57 708269
C 39 395603
Q 15 99
C 29 925820
Q 14 47
Q 7 77
C 8 163406
C 61 592898
C 84 120729
Q 20 21
Q 56 78
C 29 204470
C 93 461684
C 93 573865
Q 97 79
C 17 642337
C 53 798245
C 44 44659
Q 49 95
Q 72 66
Q 24 73
Q 96 2
C 21 530347
Q 95 92
C 37 411788
C 79 621558
C 98 54311
Q 75 7
Q 100 55
Q 2 27
C 74 348850
C 77 204097
Q 50 18
C 57 765864
Q 30 54
Q 80 85
C 65 85735
C 48 34361
Q 42 61
Q 81 14
Q 33 88
C 56 652118
C 86 604067
C 62 54676
Q 30 5
C 36 51684
Q 1 2
Q 76 2
C 56 576196
C 43 537176
Q 10 9
C 23 479217
Q 87 55
C 66 106117
Q 14 99
C 14 304235
Q 100 36
C 18 740963
C 50 576771
Q 43 14
C 95 544575
C 40 172099
Q 2 85
Q 82 3
C 37 223116
C 97 476682
C 92 761981
Q 38 52
Q 36 2
Q 29 97
Q 49 44
Q 78 84
Q 75 38
Q 26 71
Q 94 8
Q 12 57
C 64 223050
Q 52 39
C 1 837674
Q 73 54
Q 58 2
Q 18 79
C 26 437105
Q 21 31
C 67 503576
Q 83 88
C 79 337852
Q 57 55
Q 37 8
C 69 44581
Q 100 90
C 72 392007
Q 81 86
Q 79 58
Q 47 77
Q 22 60
D
100
2 1 259058
3 1 46386
4 1 93995
5 4 58414
6 3 670100
7 2 302652
8 4 464111
9 3 988321
10 5 995523
11 10 111899
12 9 566565
13 8 758834
14 2 896008
15 10 379698
16 11 822153
17 13 845485
18 11 870147
19 8 886453
20 19 819961
21 7 908975
22 11 610476
23 7 237443
24 21 206629
25 20 125904
26 4 122443
27 10 989759
28 8 396441
29 12 417380
30 28 634823
31 9 945750
32 11 669138
33 2 54537
34 24 199455
35 26 536129
36 23 885856
37 11 542179
38 21 689433
39 32 119973
40 18 521737
41 36 130917
42 14 516381
43 5 849537
44 36 385618
45 12 721621
46 42 96696
47 33 510118
48 35 974956
49 47 821469
50 46 538348
51 47 742882
52 17 319051
53 40 953237
54 37 97385
55 40 420897
56 36 351789
57 45 779651
58 37 188839
59 9 780991
60 55 412454
61 31 143951
62 23 686333
63 48 791334
64 32 251426
65 2 868403
66 38 486750
67 44 730327
68 32 412695
69 4 846988
70 59 789477
71 56 129200
72 48 852400
73 59 9434
74 27 570741
75 4 132045
76 20 325739
77 51 8696
78 1 446414
79 53 189711
80 47 445535
81 33 3964
82 36 185748
83 79 287140
84 33 934206
85 39 108522
86 72 434714
87 73 381298
88 62 179275
89 76 844702
90 5 213859
91 18 249562
92 58 285444
93 41 584372
94 10 607341
95 14 462401
96 65 864899
97 60 17863
98 48 200654
99 60 165440
100 85 955481
C 43 906546
Q 42 59
Q 25 60
C 34 531458
Q 36 1
Q 59 10
C 91 527510
C 41 510226
C 39 710879
C 78 878442
C 91 769685
Q 29 26
Q 92 2
Q 23 89
C 13 646524
C 17 229382
C 61 619025
Q 80 67
C 12 695106
Q 99 84
C 12 975727
C 23 330107
C 45 924499
Q 27 21
Q 17 86
C 58 916403
Q 63 64
C 76 484496
C 66 154308
Q 88 6
C 49 735570
Q 97 45
Q 21 42
Q 46 68
Q 12 36
Q 100 47
Q 70 9
Q 64 37
C 23 15204
Q 41 43
C 92 873393
Q 24 89
Q 10 61
Q 45 6
C 0 470169
C 41 750769
C 36 982538
C 47 300853
Q 2 28
C 14 480220
C 36 234812
C 75 335136
C 63 111297
C 92 971441
C 40 973541
C 76 581334
C 6 711223
Q 50 70
Q 77 72
C 58 308138
Q 35 75
Q 4 2
C 59 909917
C 76 461209
C 2 538202
Q 45 78
C 7 145837
C 58 267186
C 62 443414
Q 93 24
C 42 544558
C 55 397661
C 3 71473
C 99 961101
Q 36 3
C 64 108399
Q 28 58
Q 12 17
C 17 967831
Q 95 23
C 61 641765
C 1 40920
C 95 250075
C 6 864174
C 25 887362
C 49 776826
Q 51 5
C 40 191569
C 14 847286
C 54 885333
Q 17 94
Q 89 95
Q 22 91
Q 78 97
Q 35 74
C 44 118675
Q 54 25
C 72 70965
C 6 681632
Q 72 86
D
100
2 1 306311
3 2 189597
4 1 376643
5 4 685741
6 1 338486
7 5 659845
8 1 986766
9 3 647807
10 7 108828
11 1 736215
12 10 760657
13 5 596005
14 9 263619
15 14 29605
16 1 409035
17 10 78846
18 11 758347
19 1 707262
20 1 570090
21 3 71056
22 16 538993
23 1 741408
24 18 305383
25 22 757011
26 10 672046
27 21 334543
28 16 913710
29 7 297027
30 14 44410
31 13 164070
32 20 625824
33 4 201492
34 18 60414
35 30 551863
36 8 301756
37 11 539077
38 31 386523
39 6 399209
40 32 186049
41 11 622467
42 20 682147
43 5 807147
44 33 436611
45 10 805888
46 16 463508
47 13 967168
48 10 245576
49 4 506206
50 26 593765
51 18 936491
52 33 197338
53 3 768971
54 43 272402
55 13 792117
56 45 873453
57 39 832895
58 57 920647
59 56 184159
60 5 776919
61 18 354629
62 42 992706
63 35 846109
64 17 490456
65 58 576974
66 32 410382
67 5 12443
68 60 21735
69 25 191579
70 49 982295
71 57 268938
72 44 430981
73 25 927697
74 34 774578
75 57 708883
76 48 134604
77 60 308273
78 59 385308
79 38 914647
80 7 23047
81 20 992686
82 36 37788
83 76 557499
84 26 302892
85 41 870011
86 63 765475
87 66 657284
88 78 789836
89 28 64433
90 6 245891
91 65 148612
92 74 836826
93 17 540507
94 7 127618
95 61 646951
96 29 463125
97 84 100444
98 37 161115
99 16 76786
100 63 439722
Q 95 48
Q 30 54
C 13 498786
Q 4 100
C 48 625278
C 7 880114
Q 12 65
Q 88 100
C 51 844167
Q 37 24
C 84 606419
Q 36 100
C 69 651513
Q 21 68
C 83 219269
Q 30 28
Q 46 39
Q 77 79
C 50 233930
C 69 568118
C 61 365454
C 0 797589
Q 93 11
C 21 49231
Q 50 14
Q 8 96
C 78 754293
Q 14 69
Q 100 19
C 52 734040
Q 29 1
Q 75 1
Q 72 45
Q 82 66
C 11 454567
Q 57 26
C 81 805804
C 44 992069
C 37 22369
C 11 773573
Q 3 1
Q 48 27
Q 34 50
Q 29 84
C 6 186495
Q 51 51
C 88 463584
C 19 40228
C 69 24217
C 90 649480
C 97 967783
C 57 377282
C 68 159215
C 24 516996
Q 45 2
Q 84 4
Q 97 93
Q 17 64
C 4 956685
Q 14 75
C 93 176625
C 26 725982
C 84 455102
C 44 253726
Q 88 71
Q 25 54
C 64 87102
C 87 554770
Q 90 75
C 60 663340
C 11 616533
C 95 486159
Q 62 96
Q 43 40
C 21 146428
C 2 690352
C 87 965016
Q 16 55
Q 60 97
Q 88 9
C 37 166620
C 64 560368
Q 24 29
C 84 397823
Q 72 45
C 79 197847
C 41 62286
Q 10 54
C 94 247613
C 5 520600
C 3 843889
C 37 394105
Q 31 81
Q 67 65
C 46 962988
C 0 783620
C 58 980613
C 84 157422
Q 65 16
Q 41 21
D
100
2 1 793577
3 2 353411
4 1 253414
5 4 32608
6 4 677448
7 2 633763
8 3 742790
9 5 997852
10 7 962061
11 1 182232
12 1 762083
13 10 827256
14 13 46297
15 12 304672
16 3 417812
17 1 544742
18 3 785420
19 11 602473
20 15 162020
21 12 691181
22 3 98395
23 17 874330
24 22 701603
25 5 962947
26 15 170003
27 7 293034
28 1 966516
29 5 884294
30 7 659060
31 7 564384
32 7 197509
33 6 288259
34 13 523630
35 31 54465
36 19 558514
37 13 41467
38 12 586939
39 34 530796
40 37 820681
41 23 984908
42 31 155273
43 27 471824
44 39 430934
45 29 167304
46 28 577786
47 6 683216
48 2 357165
49 2 790926
50 15 894908
51 43 82794
52 33 107387
53 8 143033
54 25 556407
55 13 531922
56 39 683923
57 53 400474
58 23 827474
59 39 993686
60 21 261118
61 2 864751
62 47 925381
63 18 130548
64 23 35791
65 2 679690
66 10 283216
67 39 416823
68 12 403094
69 23 633983
70 14 750035
71 35 369291
72 51 199085
73 12 305855
74 14 674764
75 73 801316
76 8 493234
77 63 291135
78 39 730384
79 23 217510
80 69 859508
81 79 729576
82 13 176033
83 64 82380
84 43 738957
85 67 571329
86 23 398619
87 51 955652
88 56 743086
89 50 624261
90 85 77398
91 38 386434
92 54 607994
93 49 505596
94 14 615603
95 5 137256
96 10 136655
97 47 650536
98 62 529581
99 33 408164
100 14 449277
C 30 847895
C 33 961950
C 91 102562
Q 89 89
C 71 168835
C 18 23564
C 23 160819
Q 30 1
C 68 589933
Q 84 21
Q 28 4
C 94 943637
Q 47 28
C 51 617569
C 89 338392
C 0 564810
Q 13 85
Q 87 67
C 94 581135
C 69 937218
Q 22 98
C 19 626592
C 18 159938
C 26 872441
C 74 117830
Q 10 82
C 54 535447
Q 23 33
Q 39 79
Q 39 1
C 11 854222
Q 88 93
C 52 580011
Q 97 89
Q 9 15
Q 16 24
C 31 36231
C 36 648953
C 55 896843
Q 61 33
Q 84 45
C 6 829684
C 69 957936
C 72 843932
C 64 621592
C 37 145659
C 43 980943
C 96 674479
C 32 375835
C 99 182495
C 66 548030
C 54 777937
C 86 15158
Q 29 30
Q 11 46
C 7 498183
Q 28 79
Q 30 75
Q 84 59
Q 32 59
C 11 49225
Q 89 32
Q 49 18
C 95 225899
C 74 64861
Q 98 68
C 30 261347
C 53 169776
C 6 290259
C 94 35990
C 28 293154
Q 92 42
C 95 466990
Q 8 85
Q 50 12
C 37 154861
Q 60 91
C 59 96
Q 86 2
C 69 743796
Q 13 24
C 31 381568
Q 82 63
C 0 187070
Q 19 72
C 48 237209
C 97 518120
C 41 581179
Q 14 16
C 43 755685
C 14 115049
Q 40 80
C 56 861113
C 63 625614
C 6 412484
Q 13 84
Q 79 81
C 34 273175
C 37 816788
Q 42 83
D
100
2 1 441742
3 1 964359
4 1 778288
5 2 873060
6 5 685851
7 1 216160
8 4 435691
9 2 240299
10 2 540878
11 2 106549
12 1 174462
13 1 849694
14 1 664735
15 1 780775
16 8 611024
17 13 91317
18 2 45106
19 5 535735
20 11 396765
21 14 791637
22 13 727810
23 20 426782
24 8 733813
25 24 590543
26 17 710313
27 3 672049
28 21 33967
29 22 365114
30 19 485124
31 28 457060
32 31 528045
33 25 181617
34 33 604051
35 17 912894
36 30 158848
37 15 599781
38 12 745030
39 22 82861
40 15 209993
41 4 786236
42 24 370494
43 11 837783
44 5 496378
45 12 135865
46 42 348783
47 27 110353
48 12 141301
49 17 482680
50 42 42023
51 24 778870
52 12 132808
53 34 120231
54 13 437916
55 38 356679
56 50 392847
57 51 600917
58 53 117551
59 7 200504
60 3 157946
61 9 111781
62 6 929293
63 7 932611
64 53 546805
65 58 364999
66 42 843567
67 6 822401
68 4 555222
69 59 854211
70 41 662074
71 61 673748
72 36 386507
73 72 334612
74 4 262418
75 39 634337
76 15 387835
77 37 959795
78 24 954
79 33 936775
80 4 340398
81 14 652937
82 12 961993
83 57 676690
84 44 934319
85 52 26702
86 83 258141
87 34 167664
88 77 524169
89 83 665056
90 79 586446
91 24 723301
92 5 78212
93 59 324111
94 47 124555
95 61 143275
96 3 562658
97 51 165269
98 37 271547
99 2 558216
100 40 889210
Q 9 2
C 24 824700
C 2 6107
C 47 821850
Q 80 14
Q 90 30
C 73 155204
C 83 951414
C 85 739312
Q 1 77
C 69 780137
Q 40 13
Q 31 16
Q 59 63
Q 88 42
C 15 514231
Q 98 57
Q 84 92
C 89 344977
C 4 222877
C 81 202047
C 10 15638
Q 92 68
C 31 505179
C 20 207366
C 74 10181
C 5 554530
C 92 789013
Q 46 54
Q 58 11
C 97 334292
C 25 703654
Q 67 98
Q 23 29
Q 94 1
C 5 412275
Q 100 32
C 2 815725
Q 96 22
C 65 314579
C 63 245728
Q 8 5
Q 89 24
C 41 653046
C 20 896191
C 17 877396
C 46 659948
Q 5 2
Q 76 97
C 52 101714
C 38 515729
Q 69 36
C 51 872477
Q 36 18
C 95 249339
Q 8 8
C 93 47354
Q 63 58
C 56 989734
Q 71 38
C 15 176976
Q 39 96
C 66 232547
C 69 967182
C 18 405829
C 57 271588
Q 44 33
C 77 84796
Q 12 52
C 46 691574
Q 96 41
Q 73 32
C 36 923350
Q 78 20
C 35 102138
Q 84 95
C 38 422638
Q 47 67
C 63 448931
Q 15 77
C 53 884072
Q 21 96
C 83 780185
Q 93 62
C 34 75049
Q 58 32
Q 21 22
Q 64 20
Q 54 83
Q 47 49
C 12 365555
Q 72 75
Q 10 58
Q 50 2
C 59 108089
C 55 849398
Q 49 18
C 31 661733
Q 30 38
Q 9 84
D
100
2 1 604165
3 1 776937
4 1 312020
5 3 583872
6 2 728973
7 1 628731
8 5 780159
9 6 60814
10 7 667997
11 2 156838
12 4 113129
13 6 75929
14 9 9765
15 4 85499
16 11 393871
17 7 827428
18 8 365883
19 12 981831
20 13 124531
21 14 834983
22 18 78888
23 15 806228
24 16 261407
25 18 13928
26 3 777253
27 5 409852
28 26 677382
29 1 181594
30 5 738342
31 15 619544
32 24 462779
33 27 130247
34 12 84039
35 9 506562
36 16 710483
37 9 94775
38 3 837961
39 34 164768
40 14 284395
41 7 545122
42 38 865812
43 7 984732
44 34 957105
45 9 746691
46 22 466121
47 32 827658
48 26 329556
49 16 273911
50 49 102685
51 25 654866
52 18 154721
53 36 635240
54 12 166994
55 35 608400
56 23 11406
57 33 29387
58 27 624845
59 12 453113
60 39 696794
61 23 277396
62 7 82388
63 35 608165
64 45 95661
65 28 374593
66 65 178900
67 61 44215
68 10 811802
69 66 359004
70 18 995813
71 63 946535
72 46 637275
73 17 917138
74 12 22742
75 50 360421
76 62 86405
77 52 398801
78 19 775572
79 60 613439
80 33 405393
81 32 585928
82 19 533842
83 14 950615
84 27 342300
85 10 840790
86 24 277021
87 34 378033
88 1 795948
89 26 209118
90 1 665419
91 90 570927
92 21 756409
93 28 436967
94 69 525749
95 37 435916
96 1 38436
97 52 31784
98 79 684689
99 32 434272
100 82 808367
C 50 601739
Q 83 38
C 3 274207
C 22 360097
C 96 632857
Q 63 89
Q 20 57
Q 55 52
C 83 372692
Q 7 32
C 18 313834
C 5 89669
Q 44 72
C 21 413446
C 25 934395
C 13 892309
Q 97 28
Q 25 35
C 34 599118
Q 95 76
C 72 78894
C 40 567751
C 94 463994
Q 7 15
Q 15 92
Q 31 57
Q 88 6
Q 1 30
Q 69 64
C 28 291210
Q 19 34
C 94 893775
C 86 428221
Q 55 27
Q 68 93
C 74 936423
Q 90 63
C 84 560215
Q 62 84
C 59 970312
C 80 660782
Q 47 77
Q 15 15
Q 76 69
Q 3 36
Q 22 10
C 48 860952
C 80 571436
C 93 951050
Q 70 9
C 7 232842
C 31 415388
C 80 263355
C 2 208030
Q 50 33
C 89 979106
C 3 411606
Q 32 86
C 25 61431
Q 4 100
C 43 139260
Q 66 43
C 63 708975
C 76 519077
C 9 569427
C 29 71268
Q 60 23
C 92 757854
Q 62 31
Q 27 34
C 4 394078
Q 72 43
Q 79 59
C 90 925687
C 32 339296
C 58 181977
Q 90 37
Q 78 81
C 2 894042
Q 58 21
C 64 267125
Q 30 97
C 89 790527
C 75 697017
C 85 6750
Q 27 8
Q 82 50
Q 60 79
C 93 36234
Q 7 91
Q 6 7
C 80 655689
C 98 619730
C 26 229405
C 88 520142
Q 98 68
Q 36 50
C 60 586461
C 66 321906
Q 15 13
D
100
2 1 336782
3 2 610657
4 3 36698
5 1 629766
6 4 402426
7 6 525075
8 3 796419
9 8 151972
10 5 126013
11 1 876201
12 8 170392
13 5 687661
14 8 51872
15 11 595110
16 11 87993
17 10 53781
18 14 556391
19 14 626600
20 6 447134
21 18 144888
22 12 137301
23 9 997741
24 19 617578
25 24 717777
26 17 395755
27 25 51242
28 5 695226
29 6 839350
30 26 88032
31 29 818527
32 5 214932
33 20 117151
34 20 569449
35 14 397113
36 27 32819
37 13 382493
38 13 728315
39 8 652894
40 6 562649
41 22 122185
42 5 997351
43 4 557253
44 2 945031
45 6 472376
46 10 347412
47 6 725439
48 22 195913
49 45 366368
50 5 135394
51 32 298295
52 46 821832
53 47 371036
54 25 93724
55 15 928741
56 25 427303
57 30 647479
58 40 740703
59 37 149932
60 37 634036
61 7 235148
62 33 945912
63 42 576493
64 61 352230
65 12 907185
66 28 739044
67 39 172187
68 49 918970
69 14 143725
70 22 599855
71 45 701769
72 22 123390
73 72 865
74 73 586682
75 26 66178
76 18 289454
77 57 718516
78 53 294614
79 73 893541
80 52 786924
81 38 134465
82 39 38908
83 20 603194
84 36 366225
85 70 3274
86 51 335734
87 36 25939
88 25 603345
89 27 355920
90 81 693950
91 37 927096
92 37 239773
93 15 251472
94 33 489675
95 50 181228
96 69 978441
97 76 318917
98 97 138695
99 42 491577
100 82 701731
Q 2 17
Q 93 44
Q 95 63
Q 97 59
C 2 579783
Q 74 68
Q 38 95
Q 78 90
C 77 782485
Q 7 8
C 59 340161
C 6 386153
Q 99 100
Q 68 96
Q 85 50
Q 64 24
C 68 353013
C 24 59842
Q 45 72
Q 78 78
C 41 292137
Q 22 44
Q 97 42
C 33 597561
Q 81 45
Q 10 60
C 5 393581
C 99 112505
Q 32 49
C 50 302026
Q 26 68
C 12 548641
Q 52 38
C 42 270371
C 27 646904
Q 63 13
C 20 75771
C 94 86722
C 10 510353
C 96 194556
C 60 426733
Q 13 45
Q 60 48
C 47 167590
Q 48 18
C 92 250080
C 49 354253
C 33 83399
C 74 981009
C 14 863806
Q 81 66
Q 66 30
Q 44 89
Q 58 88
C 46 661735
Q 87 80
Q 92 29
Q 18 14
Q 66 88
C 18 889655
Q 26 35
C 17 518153
Q 53 48
Q 36 57
C 12 802204
C 5 916690
Q 79 33
Q 8 3
Q 36 20
C 71 418690
C 12 495668
Q 71 85
Q 10 37
C 36 451925
C 2 231037
Q 55 42
Q 87 73
Q 98 32
Q 75 67
Q 40 38
C 9 452550
Q 67 72
Q 76 81
C 83 995369
C 48 244571
C 67 483226
Q 29 64
Q 23 13
Q 70 88
Q 37 79
Q 46 40
C 20 937707
C 80 498334
C 28 538370
Q 53 18
Q 61 37
C 13 804066
Q 40 40
C 96 460109
Q 20 98
D
100
2 1 179533
3 1 116723
4 3 102667
5 1 915086
6 4 69115
7 6 490379
8 7 574891
9 7 484153
10 1 629891
11 9 751487
12 1 120006
13 9 748596
14 7 742751
15 8 533158
16 14 114611
17 11 641787
18 3 855401
19 7 950895
20 3 845642
21 20 108966
22 4 113283
23 6 38591
24 10 688727
25 7 867926
26 19 838683
27 4 35425
28 21 896348
29 24 31737
30 8 194711
31 4 733605
32 3 826200
33 31 152521
34 25 650252
35 13 156019
36 28 969394
37 20 927000
38 2 897031
39 16 803553
40 27 488332
41 38 420726
42 30 290890
43 30 318406
44 33 756522
45 35 859039
46 17 915036
47 3 293257
48 34 484386
49 17 939187
50 49 65543
51 7 146881
52 45 392892
53 52 150316
54 21 39469
55 32 908383
56 42 625346
57 20 887517
58 29 301610
59 7 619823
60 47 72417
61 33 525714
62 5 587856
63 13 761391
64 47 297451
65 34 239581
66 39 828486
67 31 914281
68 19 976692
69 8 60356
70 2 534816
71 38 576663
72 58 814198
73 27 592747
74 40 702805
75 65 690289
76 46 724134
77 62 279025
78 73 584028
79 29 416933
80 25 773696
81 33 244472
82 59 559325
83 36 856263
84 27 739700
85 54 68527
86 70 401707
87 33 951027
88 19 142071
89 13 848062
90 54 789045
91 42 136448
92 26 303408
93 32 857870
94 37 4943
95 48 768913
96 3 447666
97 40 897171
98 27 688488
99 31 59357
100 22 702754
C 4 620813
C 30 836716
Q 55 78
C 50 255831
Q 81 38
Q 50 73
Q 4 37
C 20 261673
Q 11 12
Q 19 50
Q 2 6
Q 28 88
C 72 128494
Q 97 44
C 20 261924
Q 20 26
Q 61 29
C 38 142649
C 39 360511
Q 78 30
C 20 559183
Q 28 10
C 49 477835
Q 2 83
C 83 989755
C 2 894874
Q 47 34
Q 27 25
Q 79 64
C 93 559993
Q 58 65
Q 27 44
C 82 352094
C 31 732695
Q 76 78
Q 44 32
Q 89 78
C 61 860056
C 83 406486
C 67 494879
C 32 52636
Q 32 62
C 91 946596
Q 87 79
Q 68 55
C 2 152150
C 11 193039
Q 59 100
Q 77 35
C 62 255654
Q 94 86
C 88 678069
C 26 958161
Q 11 99
C 87 452466
C 42 667468
Q 81 32
Q 48 90
Q 71 18
Q 32 33
Q 23 26
C 48 624114
Q 89 92
Q 25 2
Q 39 90
C 58 365632
Q 28 64
C 39 264011
Q 99 34
Q 96 17
Q 95 39
C 31 733039
Q 89 28
C 57 878352
C 76 314142
Q 61 100
C 15 82579
Q 3 18
Q 30 68
C 74 846964
C 3 197310
C 5 721193
Q 73 33
C 31 830990
Q 92 18
C 92 982730
Q 25 46
Q 20 48
Q 29 29
C 71 483056
Q 30 59
Q 79 17
Q 66 41
C 79 614672
Q 97 15
Q 55 7
C 63 767431
Q 99 2
C 3 568831
Q 29 2
D
100
2 1 246616
3 1 161201
4 1 375861
5 1 60355
6 3 917910
7 1 666309
8 6 168692
9 1 786448
10 9 800663
11 6 558136
12 2 747689
13 11 160425
14 3 796550
15 14 831224
16 2 760960
17 9 212379
18 16 600660
19 9 558640
20 1 243248
21 14 612102
22 3 318022
23 12 726441
24 2 239267
25 16 616938
26 4 493146
27 5 62607
28 7 746620
29 15 503227
30 2 328162
31 13 322457
32 5 565579
33 19 613049
34 16 424765
35 34 175462
36 34 307034
37 31 861872
38 15 582324
39 15 628120
40 8 133904
41 18 894223
42 2 452834
43 41 900586
44 42 696211
45 17 258973
46 27 770967
47 21 629845
48 6 116263
49 29 19135
50 4 447285
51 46 241743
52 25 498510
53 11 895724
54 3 691927
55 48 935127
56 35 285253
57 37 969231
58 16 786177
59 52 937539
60 14 306332
61 23 23110
62 6 294292
63 31 930195
64 20 928551
65 17 984285
66 5 176628
67 44 646504
68 21 329642
69 64 272321
70 7 66071
71 7 880101
72 18 553147
73 59 605760
74 43 751851
75 50 338061
76 59 772513
77 59 168184
78 16 46829
79 12 510061
80 2 80410
81 26 867566
82 73 720373
83 69 448525
84 33 572648
85 53 104285
86 28 444644
87 49 506392
88 52 350068
89 24 853465
90 5 688153
91 85 192803
92 76 69047
93 66 560172
94 53 975715
95 45 607606
96 81 564578
97 3 829512
98 88 21943
99 70 367667
100 60 31585
C 59 476228
C 51 990369
Q 55 33
C 58 551710
Q 76 56
C 46 252983
Q 31 40
C 7 884814
C 60 906756
Q 27 98
Q 29 58
C 15 539761
Q 21 67
Q 44 25
C 20 612152
C 34 754751
C 63 967581
Q 21 41
C 88 356401
Q 44 80
Q 84 8
C 1 210223
C 40 473044
C 12 193239
C 92 563611
C 32 945145
C 54 346261
C 67 823081
C 93 237821
Q 28 16
C 10 230399
Q 3 53
C 54 697593
Q 25 57
Q 71 2
Q 69 34
Q 69 89
Q 50 56
Q 70 2
Q 43 29
Q 95 91
Q 55 93
Q 89 99
C 17 16823
C 84 97093
Q 14 14
Q 39 82
Q 77 31
C 93 469553
Q 84 47
Q 89 42
Q 44 96
Q 4 84
Q 56 53
Q 16 37
C 77 268002
Q 25 40
C 59 24868
Q 2 62
Q 46 97
Q 69 37
C 34 16780
Q 92 83
C 99 91390
C 28 735758
C 2 587687
Q 42 11
Q 63 22
C 65 839823
Q 73 20
Q 26 89
Q 21 23
Q 62 66
Q 87 65
Q 15 94
C 31 706448
C 48 901890
C 57 493452
Q 35 17
Q 24 41
Q 62 66
Q 83 86
Q 36 48
C 23 890886
Q 1 52
C 86 666935
Q 7 84
C 88 978693
Q 44 79
Q 69 55
Q 66 16
Q 3 50
C 61 482738
Q 39 13
C 79 401313
C 65 832999
C 98 423457
Q 22 97
C 46 301740
C 88 336960
D
100
2 1 355422
3 2 72534
4 1 643680
5 4 819758
6 4 723973
7 3 260932
8 3 605514
9 3 665997
10 7 317280
11 7 808544
12 5 438803
13 6 796451
14 9 463624
15 12 189838
16 13 625738
17 13 948207
18 7 373474
19 10 379732
20 7 261975
21 9 558199
22 13 966681
23 8 250631
24 11 651196
25 3 203931
26 25 964677
27 1 489604
28 1 691916
29 3 324281
30 29 988156
31 20 661526
32 21 73619
33 4 111403
34 9 146824
35 28 496949
36 20 723326
37 23 427449
38 18 906980
39 1 778552
40 2 627410
41 3 43001
42 41 27661
43 21 28269
44 35 851363
45 17 391466
46 25 899371
47 7 486114
48 26 695427
49 28 936432
50 40 121354
51 31 800103
52 3 4879
53 39 51037
54 3 421982
55 49 986385
56 23 328423
57 34 674180
58 5 594694
59 30 592010
60 15 87701
61 47 318277
62 21 585521
63 58 960059
64 7 918257
65 42 155900
66 15 362574
67 33 400641
68 16 183553
69 17 312015
70 61 281265
71 41 687628
72 3 360488
73 32 482121
74 51 96959
75 4 433940
76 9 606660
77 68 688081
78 36 72957
79 67 989479
80 18 577333
81 19 547175
82 30 617733
83 15 340062
84 6 915844
85 28 439523
86 35 983179
87 84 323147
88 54 521661
89 27 331551
90 80 428453
91 80 319630
92 41 34058
93 31 743644
94 24 172201
95 27 614579
96 5 394853
97 90 722143
98 40 142272
99 82 846573
100 18 230632
C 74 213810
C 72 73827
C 42 405377
Q 95 19
Q 59 76
Q 54 41
Q 76 72
C 79 153677
C 15 295948
Q 89 15
C 34 641989
Q 35 13
C 95 218455
C 26 612302
C 35 557612
Q 59 65
C 30 184993
Q 39 72
Q 89 88
C 93 605628
C 30 633214
C 27 106749
C 51 580596
Q 53 22
C 22 672010
Q 69 68
Q 7 98
Q 16 88
Q 1 28
C 36 634122
Q 36 4
C 25 786131
C 28 921083
Q 38 87
Q 100 9
C 24 22677
Q 14 83
Q 100 50
C 56 761902
C 0 721139
Q 76 26
C 11 564603
C 48 860231
C 31 590320
C 36 367171
Q 99 95
Q 81 61
C 11 346760
Q 82 68
Q 80 20
Q 51 95
C 24 60806
C 81 720706
Q 20 90
C 44 558126
Q 30 77
Q 91 9
Q 87 20
C 84 509853
Q 32 33
C 20 173035
C 82 418660
C 98 710641
Q 50 12
C 68 443408
C 61 416737
C 48 461780
C 48 216018
Q 59 2
Q 37 85
Q 33 5
C 75 324639
Q 24 90
Q 77 39
C 71 444607
C 91 265020
C 87 81169
Q 92 69
Q 67 27
C 93 701715
Q 6 100
Q 4 75
C 60 716198
Q 10 26
Q 22 49
C 89 317040
Q 99 27
Q 34 70
Q 39 36
C 45 61330
C 36 707387
Q 32 90
Q 66 2
C 88 199963
C 50 767584
C 70 358326
C 9 388924
C 69 837509
C 96 920100
Q 51 45
D
100
2 1 735772
3 1 258711
4 2 797164
5 4 533889
6 5 239153
7 3 100718
8 6 764403
9 8 723051
10 3 595990
11 6 618532
12 7 986651
13 10 946321
14 3 362378
15 13 260610
16 10 793420
17 14 370994
18 7 400186
19 3 60437
20 1 173156
21 5 412431
22 18 396108
23 2 367775
24 17 936868
25 17 467985
26 9 688552
27 24 964460
28 8 165138
29 20 15713
30 13 88049
31 4 863536
32 29 524528
33 2 959714
34 13 380586
35 22 154766
36 23 614475
37 8 998753
38 8 596696
39 18 203795
40 5 973704
41 12 615475
42 16 790999
43 13 370161
44 40 523418
45 29 516355
46 43 178547
47 4 525637
48 22 647123
49 6 176842
50 14 505500
51 10 614153
52 12 931507
53 33 679611
54 50 495784
55 1 610820
56 25 587888
57 47 164447
58 23 322581
59 1 367726
60 29 436832
61 40 490168
62 46 780322
63 6 867507
64 52 533858
65 60 487856
66 29 408659
67 8 192034
68 50 231264
69 28 901071
70 30 271400
71 61 229239
72 21 254537
73 61 270878
74 31 928291
75 55 455818
76 24 39035
77 5 13203
78 13 478141
79 29 279503
80 34 957761
81 78 84058
82 14 385717
83 9 222936
84 77 664086
85 71 860380
86 72 152249
87 14 343828
88 51 999654
89 49 500253
90 36 253308
91 50 325770
92 57 418407
93 44 628049
94 17 252385
95 49 941248
96 75 191261
97 57 92915
98 29 817747
99 73 226661
100 92 956209
Q 72 57
C 99 31593
Q 4 45
Q 63 66
C 3 422672
Q 4 18
Q 59 65
Q 19 21
C 98 619867
C 59 134402
C 50 100774
C 11 410973
C 24 335876
C 85 30439
Q 68 94
Q 74 50
C 62 252908
Q 1 78
Q 1 76
C 54 520087
Q 17 38
C 86 134549
C 48 771825
C 6 578763
C 29 881130
Q 25 3
C 89 855918
Q 71 18
C 71 613770
C 91 491424
C 13 612740
Q 8 78
Q 27 26
C 20 363184
C 4 153813
Q 34 38
C 64 696227
Q 2 97
C 68 730620
Q 63 12
C 90 950525
Q 9 84
C 25 157710
Q 20 30
C 75 272986
C 61 79120
Q 50 36
Q 59 37
Q 85 57
Q 80 19
C 1 527462
C 62 114070
Q 1 47
Q 16 67
C 65 841842
C 75 186855
Q 28 4
C 4 649314
C 30 162598
Q 28 29
Q 36 30
C 19 261892
Q 87 44
C 15 222411
C 26 951576
Q 23 4
C 89 601031
Q 92 87
Q 82 17
C 28 920244
Q 95 31
C 20 937450
C 20 357889
Q 67 56
C 30 267982
Q 88 56
C 99 674545
C 67 339888
Q 49 70
Q 27 98
Q 86 44
Q 23 17
Q 3 37
Q 78 3
C 11 621533
C 73 594872
Q 38 72
C 84 28839
Q 18 39
C 18 890365
C 15 74003
Q 92 77
Q 21 31
Q 86 8
Q 58 72
Q 12 45
Q 22 34
C 27 667918
C 20 246687
C 35 760258
D
100
2 1 170548
3 1 811135
4 1 744364
5 3 964179
6 4 828393
7 4 984321
8 3 975852
9 3 220772
10 7 708142
11 8 637118
12 10 119201
13 6 342742
14 11 111988
15 7 66509
16 1 163550
17 14 212241
18 5 955639
19 17 325451
20 12 880790
21 9 793238
22 9 386519
23 18 329434
24 20 71440
25 13 387770
26 7 250324
27 24 623396
28 9 159549
29 6 705699
30 11 60004
31 7 746644
32 17 598973
33 4 74001
34 31 14963
35 23 770964
36 24 205432
37 33 637637
38 25 374463
39 35 470671
40 22 549979
41 32 741835
42 24 916031
43 41 202531
44 9 364072
45 9 863468
46 30 196787
47 17 163979
48 32 601699
49 43 866721
50 35 153781
51 35 545116
52 20 234589
53 52 467513
54 48 666174
55 3 87657
56 20 345679
57 27 49159
58 8 227425
59 5 337288
60 14 192621
61 47 531922
62 6 843570
63 56 185166
64 28 450230
65 46 578280
66 3 205922
67 29 995926
68 13 822498
69 7 82265
70 56 434325
71 23 221176
72 28 32116
73 30 558064
74 27 554726
75 61 883740
76 46 128810
77 37 136752
78 68 660617
79 37 933998
80 25 406507
81 69 231208
82 74 668375
83 76 601994
84 70 723276
85 35 979543
86 85 886883
87 64 453955
88 10 987403
89 50 727594
90 74 940072
91 23 805825
92 21 59697
93 33 73963
94 27 813549
95 12 347511
96 45 552940
97 62 865187
98 76 838555
99 66 712186
100 60 667790
Q 82 25
Q 88 74
Q 57 67
Q 80 51
Q 13 100
Q 75 64
C 86 521874
C 77 133296
C 91 971850
C 28 50032
Q 8 65
Q 57 52
Q 61 60
Q 44 39
C 2 226051
Q 91 78
C 26 483216
C 68 926893
Q 98 36
C 57 1764
Q 59 24
Q 33 32
C 31 618492
Q 49 87
C 16 830490
C 35 367932
Q 71 10
C 78 908978
Q 82 27
C 85 819236
C 73 942895
Q 25 79
C 27 947210
C 40 600910
C 44 795279
Q 52 66
C 34 342536
Q 86 14
Q 29 95
Q 59 33
Q 53 6
Q 74 30
Q 75 9
C 18 602602
Q 49 98
Q 21 49
Q 75 36
C 38 912273
C 31 835901
C 2 109111
C 9 217316
Q 63 89
Q 94 63
Q 86 81
C 87 336582
C 66 374954
C 63 474728
Q 97 18
Q 43 1
Q 87 56
C 11 602717
Q 45 80
Q 56 25
C 79 92611
C 51 916450
Q 22 68
C 92 541932
C 49 703180
Q 80 22
C 8 87008
Q 1 71
Q 8 16
C 55 649223
Q 14 2
Q 56 6
C 79 88479
Q 56 23
C 11 350573
Q 38 52
C 15 235612
C 48 811513
C 49 257272
Q 83 27
C 39 125192
Q 59 100
C 26 42279
Q 62 86
Q 81 98
Q 78 87
C 48 683602
C 78 346302
C 30 68403
Q 99 85
C 92 765424
Q 40 82
C 92 998008
C 23 120622
C 76 429754
Q 3 31
Q 83 31
D
100
2 1 927023
3 1 205750
4 2 276092
5 4 616407
6 2 92037
7 5 601034
8 1 427210
9 5 893794
10 5 654565
11 3 568481
12 7 528774
13 9 805717
14 13 290054
15 5 587110
16 4 279853
17 8 325349
18 5 690901
19 2 366306
20 2 321602
21 4 869085
22 6 958276
23 6 303801
24 2 461842
25 10 862192
26 9 122099
27 8 376198
28 9 55169
29 26 642103
30 10 922936
31 12 811123
32 23 813603
33 23 442368
34 5 667569
35 27 504198
36 32 340441
37 10 951863
38 28 876103
39 23 200553
40 6 485961
41 16 487055
42 35 42472
43 22 807986
44 3 594222
45 32 442861
46 42 195651
47 45 236297
48 18 906806
49 40 62812
50 2 520041
51 12 596247
52 24 972995
53 41 675548
54 20 836475
55 3 703394
56 17 971548
57 16 479549
58 15 86403
59 3 111658
60 51 253974
61 31 714133
62 4 841205
63 11 7934
64 56 661797
65 25 838735
66 4 154106
67 45 75021
68 52 15793
69 28 976198
70 34 143020
71 3 207406
72 49 902742
73 11 644938
74 12 490841
75 2 702472
76 66 343818
77 24 743494
78 73 399736
79 65 965736
80 29 338524
81 70 276072
82 44 272155
83 42 652433
84 80 618012
85 18 172918
86 78 340924
87 8 391950
88 56 99982
89 24 749161
90 9 309835
91 74 368339
92 67 384587
93 73 871377
94 54 863259
95 38 878558
96 24 157934
97 5 727115
98 19 22073
99 97 750738
100 16 524529
Q 66 52
C 67 625469
Q 7 29
C 92 342612
C 47 243550
C 23 60575
Q 88 32
C 20 93761
C 11 632185
Q 1 20
Q 8 85
C 41 48204
C 8 943562
C 96 665106
Q 24 53
C 81 835929
Q 51 16
C 53 742988
C 69 480099
C 84 484299
Q 28 59
C 74 258452
Q 37 61
Q 32 57
C 36 107180
Q 44 14
Q 25 64
C 36 488617
Q 14 39
Q 22 75
Q 2 3
Q 18 29
Q 37 17
Q 70 48
Q 61 37
Q 56 80
C 78 268256
Q 69 44
C 97 376457
C 76 173431
C 5 787432
C 93 957249
C 36 247437
Q 88 7
C 98 684719
C 89 86274
Q 94 4
C 13 853724
C 49 431273
C 75 371249
C 75 707006
Q 83 51
Q 65 87
C 63 525826
C 62 417825
C 48 425714
Q 63 60
C 82 214373
Q 47 74
Q 68 1
Q 70 76
C 51 35358
Q 85 75
Q 3 90
Q 31 4
Q 77 53
C 47 7367
Q 22 49
Q 71 48
C 91 595567
C 12 576936
C 87 818139
Q 65 24
Q 76 78
Q 65 9
C 29 509537
C 8 151685
C 97 338458
Q 12 29
C 49 821972
C 36 437585
Q 51 24
C 25 792188
Q 76 15
C 14 699932
C 56 236561
Q 4 21
Q 64 19
C 24 433182
C 84 299531
C 10 806967
C 72 414069
Q 73 47
C 47 300922
C 99 485336
Q 13 44
C 13 743147
C 46 760311
C 88 65687
Q 12 24
D
100
2 1 452906
3 2 959219
4 3 979858
5 4 34237
6 2 562186
7 3 101229
8 7 218131
9 1 864794
10 8 190345
11 7 579215
12 5 261884
13 5 854556
14 12 632122
15 12 120584
16 6 513755
17 11 120743
18 4 197493
19 8 729695
20 14 485953
21 3 655132
22 8 894259
23 20 427596
24 10 387544
25 21 667310
26 13 327477
27 22 480597
28 26 491808
29 24 644257
30 18 268548
31 23 125124
32 4 631299
33 10 265314
34 21 842179
35 32 522493
36 26 791643
37 24 892620
38 6 966687
39 7 830994
40 10 645307
41 23 932118
42 29 261178
43 11 594847
44 12 264218
45 28 909618
46 5 36648
47 45 831419
48 38 313311
49 28 529441
50 42 124443
51 33 999972
52 24 745908
53 7 634690
54 47 761862
55 1 66824
56 28 963986
57 6 896303
58 53 960712
59 54 10852
60 42 279309
61 2 274046
62 61 987914
63 26 16605
64 4 718547
65 61 973065
66 16 597977
67 24 791778
68 67 898330
69 7 572830
70 68 408501
71 13 583711
72 17 671298
73 29 630353
74 25 3866
75 20 373290
76 24 78025
77 55 115481
78 15 269150
79 20 883514
80 37 678130
81 18 863388
82 13 345965
83 41 136342
84 25 114335
85 43 420837
86 16 865176
87 49 411673
88 40 912
89 41 684834
90 50 199581
91 15 804303
92 90 221809
93 59 859895
94 8 51868
95 89 511357
96 75 116338
97 24 522456
98 68 62613
99 13 739301
100 52 884320
C 33 265847
Q 59 71
C 34 3504
C 14 94330
C 23 316138
Q 70 99
C 29 351155
Q 20 51
C 73 821215
Q 74 61
C 61 730647
C 48 874805
C 98 577339
C 77 995806
Q 10 29
Q 25 98
Q 60 80
C 94 642799
C 85 102572
C 24 817997
C 34 209910
C 90 799211
C 16 586809
Q 99 38
C 10 222700
C 11 278724
Q 63 35
C 68 319482
C 24 556667
Q 47 43
Q 30 77
Q 10 19
Q 95 35
Q 70 86
Q 50 48
C 61 754511
Q 71 73
C 11 701942
Q 98 18
Q 60 65
Q 65 46
Q 32 55
Q 9 49
Q 47 18
C 21 190019
Q 48 80
Q 97 3
C 84 751414
Q 2 63
C 88 438922
C 65 958639
Q 71 70
C 93 596931
C 3 617877
C 49 106398
C 43 317897
C 98 498393
C 26 92478
Q 96 31
Q 35 20
Q 37 37
Q 37 8
C 38 281053
C 40 985408
C 12 649110
Q 52 5
Q 74 3
C 45 857330
Q 83 77
Q 82 11
C 54 583000
Q 66 36
C 98 649526
C 60 345418
C 99 341431
Q 39 34
Q 23 7
Q 51 4
C 7 662686
Q 95 19
Q 6 74
C 52 302991
Q 59 89
C 16 554202
C 82 296701
C 9 967639
Q 89 13
Q 23 63
C 84 529770
Q 76 17
Q 78 74
C 77 181326
Q 66 84
Q 78 100
C 59 496235
C 71 557344
Q 69 85
Q 24 7
C 29 595543
Q 25 19
D
100
2 1 276787
3 2 874699
4 1 243225
5 4 842702
6 5 697859
7 6 323120
8 5 435186
9 7 289997
10 1 17803
11 10 208318
12 3 277876
13 3 838147
14 1 265827
15 14 686677
16 12 589153
17 15 281010
18 16 893794
19 13 548715
20 9 244436
21 17 733712
22 12 511436
23 9 736057
24 12 922861
25 5 542729
26 13 389744
27 22 612086
28 5 489189
29 4 758753
30 1 40059
31 11 143703
32 24 176979
33 9 527853
34 9 613125
35 22 240494
36 10 467984
37 25 316206
38 27 547387
39 30 958743
40 24 111018
41 32 443614
42 17 285221
43 41 201085
44 28 22282
45 41 562128
46 27 437970
47 4 240607
48 36 163246
49 43 718424
50 10 845026
51 19 666634
52 15 965825
53 35 325131
54 12 67805
55 32 16161
56 9 301697
57 6 712287
58 2 31824
59 39 877678
60 58 905912
61 25 665501
62 17 661986
63 29 991532
64 58 674565
65 3 634305
66 53 701575
67 12 381655
68 45 800129
69 42 213313
70 45 23363
71 36 79458
72 50 205599
73 17 428327
74 41 221467
75 70 324231
76 53 778512
77 23 503962
78 70 412189
79 16 782081
80 54 721800
81 65 155400
82 66 233675
83 76 639829
84 3 276543
85 34 418087
86 10 598967
87 56 141315
88 40 805640
89 82 74691
90 67 908349
91 74 187188
92 13 421356
93 86 643710
94 10 702995
95 32 436650
96 9 874878
97 49 880872
98 82 645454
99 15 142354
100 33 890194
Q 1 12
Q 16 28
C 8 917471
C 8 832744
C 20 770451
Q 30 95
Q 71 96
C 0 665396
C 51 310850
C 57 749198
Q 49 50
C 35 367017
Q 15 77
Q 3 86
C 78 283606
Q 4 88
Q 75 10
Q 92 10
C 79 917062
Q 20 71
C 52 669471
C 48 174759
C 71 576373
Q 70 75
C 9 500606
Q 1 9
C 38 356336
C 71 322427
Q 100 6
C 81 468225
C 7 575177
Q 36 77
Q 33 100
Q 54 69
Q 12 79
C 74 996079
Q 78 69
C 89 404940
C 10 130592
Q 94 73
Q 50 32
Q 25 20
Q 58 52
C 14 654457
Q 51 68
Q 39 94
Q 88 71
C 71 952712
Q 82 23
C 48 236968
C 39 546517
C 58 55442
Q 54 51
C 0 321118
C 15 621068
Q 9 6
C 31 925394
Q 76 17
C 59 480899
C 85 969447
Q 37 87
C 18 94097
Q 72 3
Q 80 3
C 91 284870
Q 23 78
Q 99 61
C 97 559837
C 8 710748
C 40 181533
Q 41 69
Q 9 39
Q 70 62
Q 81 41
Q 62 84
C 60 334858
Q 66 9
C 15 87706
C 82 595414
Q 99 7
Q 14 99
C 14 648559
C 64 702828
C 15 634460
C 73 764573
C 47 714234
Q 4 99
Q 20 67
Q 24 1
C 74 217399
C 9 482413
C 65 721679
C 60 512943
Q 69 11
Q 17 84
Q 1 83
C 42 670538
Q 92 57
Q 99 80
Q 20 6
D
100
2 1 542898
3 2 591210
4 1 271033
5 1 368609
6 5 342183
7 5 852813
8 4 915696
9 2 171580
10 7 849934
11 5 340620
12 9 560252
13 1 462820
14 11 884296
15 12 62340
16 6 938241
17 6 851788
18 15 207265
19 14 128965
20 11 788590
21 5 99142
22 19 838847
23 20 256069
24 13 448387
25 16 525583
26 21 833714
27 4 95548
28 4 180554
29 3 4974
30 1 558189
31 5 324191
32 10 712662
33 10 493919
34 28 651679
35 21 398223
36 18 153160
37 28 603744
38 18 482021
39 14 262900
40 38 320163
41 34 261432
42 7 687387
43 41 547842
44 27 948050
45 39 449140
46 3 169183
47 8 519018
48 31 982011
49 25 801770
50 10 668523
51 44 590309
52 48 730059
53 4 330040
54 2 570215
55 29 691543
56 33 414124
57 46 560606
58 51 826304
59 49 518505
60 33 693965
61 4 796942
62 59 257325
63 28 261343
64 3 361600
65 9 389376
66 19 295808
67 35 884508
68 19 173736
69 59 787002
70 35 840189
71 4 150680
72 45 431517
73 45 904877
74 32 852435
75 43 548525
76 26 907376
77 18 442249
78 32 694129
79 50 920386
80 57 799408
81 2 118554
82 19 805798
83 39 670137
84 24 250311
85 2 239835
86 64 935681
87 36 861162
88 32 650854
89 86 657721
90 36 705770
91 47 82390
92 50 100766
93 83 294196
94 60 744582
95 31 883326
96 66 40694
97 87 671907
98 33 37643
99 22 342376
100 45 799181
Q 3 14
Q 16 14
C 4 308834
C 73 547782
Q 70 48
Q 17 94
C 49 359471
C 94 394054
Q 38 48
C 64 236001
C 25 130803
Q 57 19
Q 42 75
C 65 734649
C 26 640970
Q 31 87
C 14 289288
C 39 777782
Q 71 71
Q 45 35
Q 3 13
Q 75 69
Q 60 62
C 29 323727
C 33 359106
Q 85 36
Q 33 50
C 51 202289
C 22 75659
C 41 116255
Q 13 58
Q 39 32
Q 34 43
Q 4 72
Q 74 58
C 13 503742
Q 91 75
Q 8 78
Q 6 100
C 73 112694
C 76 492106
Q 92 96
C 27 252682
C 24 994785
C 99 914411
Q 29 76
C 43 501566
C 60 848925
Q 67 30
Q 31 4
C 52 610632
Q 33 76
Q 95 55
C 99 26079
C 27 579430
C 12 347158
Q 91 54
Q 96 14
Q 77 80
Q 10 62
C 35 707415
Q 20 99
C 98 743493
C 58 589444
C 6 343423
C 13 459135
Q 95 78
C 45 887025
C 69 345353
Q 75 63
Q 35 50
Q 78 69
Q 45 67
Q 17 77
Q 20 84
Q 52 97
C 92 731243
Q 88 89
Q 100 10
Q 91 36
Q 96 70
Q 67 47
Q 36 43
C 97 791712
C 54 775531
Q 82 82
Q 48 74
C 90 11713
C 9 129664
Q 34 55
C 18 242202
Q 54 69
Q 58 4
C 79 841253
Q 78 7
Q 60 41
C 40 730788
Q 13 31
C 76 638392
Q 50 25
D
100
2 1 570758
3 2 846554
4 1 157049
5 2 676915
6 3 872929
7 3 886937
8 6 17166
9 7 274240
10 6 752126
11 10 90473
12 7 375220
13 10 825031
14 10 368524
15 13 226593
16 12 638009
17 2 280125
18 15 597113
19 6 454457
20 12 612903
21 11 282671
22 19 582555
23 7 232717
24 17 181525
25 12 991100
26 25 151388
27 26 734868
28 18 305213
29 2 114808
30 18 369708
31 12 349510
32 24 502121
33 2 765538
34 23 272664
35 6 886098
36 23 351364
37 4 404101
38 35 371078
39 7 566341
40 31 660125
41 40 2604
42 10 639011
43 13 854470
44 43 330072
45 41 650663
46 37 343380
47 4 256551
48 25 146158
49 8 977437
50 7 242081
51 36 853442
52 16 65005
53 39 560065
54 34 410711
55 31 21389
56 37 200196
57 24 915050
58 6 277815
59 33 332485
60 58 771499
61 7 340369
62 22 499671
63 56 993083
64 54 135359
65 23 613704
66 17 866757
67 27 3587
68 17 241039
69 40 916899
70 11 722760
71 57 271640
72 57 962279
73 42 311217
74 25 472560
75 29 880682
76 34 143200
77 59 875289
78 2 850674
79 63 321401
80 61 387945
81 16 879823
82 48 434952
83 46 219166
84 28 996117
85 24 876796
86 3 590703
87 71 190887
88 85 335124
89 32 825777
90 10 662156
91 50 568094
92 40 960212
93 86 480928
94 14 344456
95 60 313269
96 80 286487
97 35 503453
98 75 625556
99 40 913781
100 50 891385
Q 52 87
Q 38 19
Q 93 47
C 0 116357
Q 59 68
C 86 920157
Q 18 77
C 4 459219
C 42 601127
Q 75 50
C 1 112401
C 14 192891
Q 100 35
Q 20 35
Q 33 94
Q 79 32
Q 32 49
Q 85 5
Q 41 47
Q 67 73
Q 29 26
Q 77 41
Q 96 92
C 9 957912
C 30 693696
Q 72 27
C 68 953110
Q 94 46
Q 38 87
C 6 792305
C 29 44533
C 53 197261
C 18 285557
Q 19 18
C 5 614900
C 36 565224
C 99 490444
Q 63 38
Q 82 75
Q 48 33
Q 39 63
Q 7 16
Q 15 34
Q 14 5
C 28 354810
C 38 27146
Q 27 97
C 23 87059
Q 67 93
Q 48 40
C 32 808178
C 53 672084
Q 36 50
C 24 140216
C 31 123444
Q 90 82
Q 71 8
Q 47 31
C 60 523798
C 99 305645
Q 24 30
Q 58 35
C 10 392370
C 49 788695
Q 40 26
C 91 755867
Q 89 37
C 33 319735
C 37 302195
Q 34 47
C 21 36370
Q 39 80
Q 39 42
Q 41 91
Q 58 83
C 17 404474
C 10 999914
C 58 648247
C 89 469237
Q 69 70
Q 45 43
C 49 698481
Q 42 72
Q 51 12
Q 58 22
Q 90 91
C 87 129302
Q 74 12
C 45 439601
C 12 355122
Q 26 66
C 60 830768
C 25 676709
Q 33 11
Q 79 68
C 9 730809
C 14 695848
Q 32 21
Q 100 18
Q 4 31
D
100
2 1 801530
3 2 591503
4 2 93120
5 2 946146
6 1 615330
7 4 324578
8 1 655953
9 8 205059
10 2 323618
11 7 117559
12 10 631714
13 11 32515
14 5 408170
15 11 77403
16 3 367570
17 1 870770
18 17 259193
19 16 693696
20 14 400893
21 14 974557
22 19 453863
23 15 518913
24 4 710694
25 11 422027
26 13 692541
27 3 597646
28 26 108143
29 17 609343
30 24 624027
31 17 752749
32 29 924282
33 30 160695
34 18 602141
35 6 52137
36 5 526935
37 6 51958
38 2 358532
39 16 123315
40 7 843896
41 21 136240
42 9 601278
43 17 893393
44 26 880397
45 39 258436
46 3 705831
47 38 12371
48 13 667405
49 25 329937
50 22 60158
51 24 305281
52 28 925119
53 26 600593
54 20 960811
55 16 869226
56 21 785600
57 33 857493
58 21 772054
59 29 129001
60 40 769971
61 8 156873
62 46 431323
63 49 622265
64 53 375011
65 9 884623
66 5 366978
67 31 571316
68 58 63492
69 25 92097
70 43 928520
71 5 345359
72 19 515843
73 3 133700
74 8 470087
75 40 940346
76 7 682839
77 66 232209
78 62 299164
79 13 245591
80 3 839378
81 5 658397
82 72 836467
83 21 14803
84 68 917973
85 63 956963
86 62 617277
87 1 593314
88 84 21523
89 21 421015
90 40 22416
91 42 248017
92 81 491281
93 41 852118
94 7 851050
95 78 497321
96 2 744272
97 38 413133
98 34 901782
99 43 29751
100 40 567538
C 48 184814
C 61 834285
C 26 255300
C 41 649363
C 47 140644
Q 65 39
C 24 461112
C 47 133181
C 37 551314
Q 88 19
C 52 586367
Q 37 80
C 95 930606
Q 14 48
Q 49 95
C 59 416411
Q 68 35
C 5 168683
C 23 288572
Q 29 11
Q 23 63
Q 31 52
C 74 317647
C 17 470212
Q 75 60
Q 76 71
Q 67 38
C 68 746795
C 54 712619
Q 2 99
Q 71 22
C 5 47504
Q 20 30
Q 92 47
C 10 103673
C 75 600348
C 51 736514
C 13 973282
C 57 992888
C 72 797589
Q 50 11
C 89 174416
Q 81 88
C 17 414879
C 18 240390
C 30 989065
C 60 593668
Q 33 81
Q 100 90
C 83 794714
Q 19 64
Q 27 53
Q 38 34
C 77 548503
C 67 485121
Q 79 51
C 88 601864
Q 12 48
C 68 409947
Q 14 83
Q 99 53
C 93 479980
C 56 508217
Q 55 47
C 83 55166
C 52 443896
Q 87 84
C 40 609448
Q 27 16
C 1 740081
C 90 273679
C 94 586125
Q 52 81
C 92 765988
C 36 292523
Q 54 75
Q 73 62
C 54 516902
Q 36 80
Q 16 81
Q 78 72
C 44 811018
C 37 947969
C 51 217162
Q 12 50
Q 38 3
C 10 631475
Q 67 29
C 22 319317
Q 94 32
Q 49 10
C 30 3854
C 88 612443
C 79 71447
Q 57 58
Q 9 47
Q 83 9
C 69 686676
C 9 731350
C 80 24695
D
